

Pagina Obtener Promedio ->https://miniwebtool.com/es/average-calculator/

=================================================
== MEDICIONES SENSOR FALLA CABLE POSITIVO =======
=================================================


(Calcularemos los promedios de las mediciones realizadas distribuidas 
en 3 rangos de 500 mediciones aprox. para cada rango para saber el valor casi 
exacto de la medición que toma el sensor cuando se desconecta el cable positivo
, posible falla electrica o de suministro.


* Cada una de las Mediciones se tomaron cada 200 milisegundos
* Las Mediciones se tomáron a Temperatura Ambiente y Agua (Aprox. 25°C)
* El sensor estaba adherido a la pared del recipiente y de forma vertical


-----------------------------
-- 1ER RANGO DE MEDICIONES --
-----------------------------
87.00
87.00
86.00
86.00
86.00
85.00
85.00
85.00
84.00
84.00
84.00
83.00
83.00
83.00
83.00
83.00
82.00
82.00
81.00
81.00
81.00
81.00
81.00
81.00
81.00
81.00
81.00
80.00
80.00
80.00
80.00
80.00
79.00
79.00
79.00
79.00
79.00
79.00
79.00
79.00
79.00
78.00
78.00
78.00
78.00
78.00
77.00
77.00
77.00
77.00
77.00
77.00
77.00
77.00
76.00
76.00
76.00
76.00
76.00
76.00
76.00
76.00
76.00
75.00
75.00
76.00
75.00
75.00
75.00
75.00
75.00
74.00
75.00
75.00
74.00
75.00
74.00
74.00
74.00
74.00
73.00
73.00
74.00
74.00
73.00
73.00
73.00
73.00
73.00
73.00
72.00
73.00
72.00
72.00
72.00
72.00
72.00
72.00
72.00
72.00
72.00
72.00
72.00
72.00
72.00
72.00
72.00
72.00
72.00
71.00
71.00
71.00
71.00
71.00
71.00
71.00
71.00
71.00
71.00
71.00
71.00
71.00
70.00
71.00
70.00
70.00
70.00
70.00
70.00
70.00
70.00
71.00
70.00
70.00
70.00
70.00
70.00
70.00
70.00
70.00
70.00
69.00
70.00
69.00
70.00
69.00
70.00
69.00
69.00
69.00
69.00
69.00
69.00
69.00
70.00
69.00
69.00
69.00
69.00
69.00
69.00
69.00
69.00
69.00
69.00
69.00
69.00
69.00
69.00
69.00
69.00
68.00
69.00
68.00
68.00
69.00
69.00
68.00
68.00
68.00
68.00
68.00
68.00
68.00
68.00
68.00
68.00
68.00
68.00
68.00
68.00
68.00
68.00
68.00
68.00
68.00
68.00
68.00
68.00
68.00
68.00
68.00
68.00
67.00
68.00
68.00
68.00
68.00
68.00
68.00
68.00
67.00
67.00
68.00
67.00
67.00
67.00
68.00
67.00
67.00
67.00
67.00
67.00
67.00
67.00
67.00
67.00
67.00
67.00
67.00
67.00
67.00
67.00
67.00
67.00
67.00
67.00
67.00
67.00
67.00
67.00
67.00
67.00
67.00
67.00
67.00
67.00
67.00
67.00
67.00
67.00
67.00
67.00
67.00
67.00
67.00
67.00
66.00
67.00
67.00
67.00
66.00
66.00
66.00
67.00
66.00
66.00
66.00
66.00
66.00
67.00
66.00
66.00
66.00
66.00
67.00
67.00
67.00
67.00
66.00
67.00
67.00
67.00
66.00
66.00
66.00
66.00
66.00
67.00
66.00
66.00
66.00
66.00
66.00
66.00
66.00
66.00
66.00
66.00
67.00
66.00
66.00
66.00
66.00
67.00
66.00
66.00
66.00
66.00
66.00
66.00
66.00
66.00
66.00
66.00
66.00
66.00
66.00
66.00
66.00
66.00
66.00
66.00
66.00
66.00
66.00
66.00
66.00
66.00
66.00
66.00
66.00
66.00
66.00
66.00
66.00
66.00
66.00
66.00
66.00
66.00
66.00
66.00
66.00
66.00
66.00
66.00
66.00
66.00
66.00
65.00
66.00
66.00
65.00
66.00
66.00
66.00
66.00
66.00
66.00
66.00
66.00
66.00
66.00
66.00
66.00
65.00
66.00
65.00
65.00
66.00
66.00
66.00
65.00
65.00
66.00
66.00
65.00
66.00
66.00
65.00
65.00
65.00
65.00
65.00
65.00
65.00
65.00
65.00
65.00
65.00
66.00
65.00
65.00
65.00
65.00
66.00
66.00
65.00
65.00
66.00
65.00
64.00
65.00
66.00
66.00
66.00
65.00
65.00
65.00
65.00
65.00
65.00
65.00
65.00
65.00
65.00
65.00
65.00
65.00
65.00
65.00
65.00
65.00
65.00
65.00
65.00
66.00
66.00
65.00
65.00
66.00
66.00
65.00
66.00
65.00
64.00
65.00
65.00
65.00
65.00
65.00
65.00
65.00
65.00
65.00
65.00
65.00
65.00
65.00


-----------------------------
---PROMEDIO 1ER RANGO ---
-----------------------------
Números totales: 	 450 
 Suma de números: 	 31239 
 Valor promedio: 	 69.42 



-----------------------------
-- 2DO RANGO DE MEDICIONES --
-----------------------------
65.00
65.00
65.00
65.00
65.00
64.00
65.00
65.00
65.00
64.00
65.00
65.00
65.00
65.00
65.00
65.00
65.00
65.00
65.00
65.00
65.00
65.00
65.00
65.00
65.00
65.00
65.00
65.00
65.00
65.00
65.00
65.00
65.00
65.00
65.00
65.00
64.00
64.00
65.00
64.00
65.00
65.00
65.00
65.00
65.00
65.00
65.00
65.00
65.00
65.00
65.00
65.00
64.00
65.00
64.00
65.00
65.00
65.00
65.00
65.00
65.00
65.00
65.00
65.00
64.00
65.00
65.00
65.00
65.00
65.00
65.00
65.00
65.00
65.00
65.00
65.00
65.00
65.00
64.00
65.00
65.00
65.00
65.00
65.00
65.00
65.00
65.00
65.00
65.00
65.00
65.00
64.00
65.00
64.00
64.00
65.00
64.00
64.00
65.00
65.00
65.00
65.00
65.00
65.00
65.00
65.00
65.00
65.00
65.00
65.00
65.00
65.00
65.00
65.00
65.00
65.00
64.00
64.00
65.00
65.00
65.00
65.00
65.00
65.00
64.00
64.00
65.00
65.00
65.00
65.00
65.00
65.00
65.00
65.00
65.00
65.00
65.00
65.00
64.00
65.00
65.00
65.00
64.00
65.00
65.00
65.00
65.00
65.00
65.00
65.00
65.00
65.00
65.00
65.00
65.00
65.00
65.00
65.00
65.00
65.00
65.00
65.00
65.00
65.00
65.00
65.00
65.00
65.00
65.00
65.00
65.00
65.00
65.00
65.00
65.00
64.00
64.00
65.00
65.00
65.00
65.00
65.00
66.00
65.00
65.00
65.00
65.00
64.00
65.00
65.00
65.00
64.00
64.00
65.00
65.00
65.00
65.00
65.00
65.00
65.00
65.00
65.00
65.00
65.00
65.00
64.00
65.00
65.00
65.00
65.00
64.00
65.00
65.00
65.00
65.00
65.00
65.00
65.00
65.00
65.00
65.00
65.00
65.00
65.00
65.00
65.00
65.00
65.00
65.00
65.00
65.00
65.00
65.00
65.00
65.00
65.00
65.00
64.00
65.00
65.00
65.00
65.00
65.00
64.00
65.00
65.00
65.00
64.00
65.00
65.00
65.00
65.00
64.00
65.00
65.00
64.00
65.00
65.00
65.00
65.00
65.00
65.00
64.00
65.00
65.00
65.00
65.00
65.00
65.00
64.00
64.00
65.00
65.00
65.00
65.00
65.00
65.00
65.00
65.00
65.00
64.00
65.00
65.00
65.00
65.00
65.00
65.00
65.00
65.00
65.00
65.00
65.00
65.00
65.00
65.00
65.00
65.00
65.00
65.00
65.00
65.00
65.00
64.00
65.00
64.00
65.00
65.00
65.00
65.00
65.00
65.00
64.00
65.00
65.00
65.00
65.00
65.00
65.00
65.00
65.00
65.00
65.00
65.00
65.00
65.00
65.00
65.00
65.00
65.00
65.00
64.00
64.00
65.00
65.00
65.00
64.00
65.00
65.00
65.00
64.00
65.00
65.00
64.00
65.00
65.00
65.00
64.00
65.00
65.00
65.00
65.00
65.00
64.00
65.00
65.00
65.00
64.00
65.00
65.00
65.00
65.00
64.00
64.00
64.00
65.00
65.00
64.00
65.00
65.00
65.00
65.00
65.00
65.00
65.00
65.00
64.00
65.00
65.00
65.00
65.00
64.00
65.00
65.00
65.00
65.00
64.00
65.00
65.00
65.00
65.00
65.00
64.00
64.00
64.00
65.00
65.00
65.00
65.00
65.00
65.00
65.00
65.00
65.00
65.00
65.00
65.00
65.00
65.00
65.00
65.00
64.00
64.00
64.00
65.00
64.00
64.00
64.00
65.00
65.00
64.00
65.00
64.00
64.00
64.00
64.00
65.00
64.00
65.00
65.00
65.00
65.00
65.00
65.00
65.00
65.00
65.00
65.00
65.00
65.00
65.00
65.00
64.00
65.00
64.00
64.00
64.00
64.00
65.00
65.00
65.00
64.00
64.00
65.00
65.00
64.00
64.00
64.00
64.00
64.00
64.00
65.00
64.00
65.00
65.00
65.00
65.00
65.00
65.00
65.00
65.00
65.00
64.00
65.00
65.00
64.00
64.00
64.00
64.00
65.00
64.00
64.00
65.00
65.00
64.00
64.00
64.00
64.00
64.00
64.00
64.00
64.00
64.00
64.00
65.00
65.00
64.00
65.00
65.00
65.00
64.00
64.00
64.00
65.00
64.00
65.00
65.00
64.00
64.00
65.00
65.00
65.00
65.00
65.00
64.00
64.00
65.00
65.00
64.00
64.00
65.00
64.00
64.00
65.00
65.00
65.00
64.00
65.00
65.00
65.00
64.00
65.00
65.00
64.00
65.00
65.00
65.00
64.00
64.00
65.00
64.00
65.00
65.00
64.00
65.00
64.00
65.00
65.00
64.00
65.00
65.00
64.00
65.00
64.00
64.00
64.00
64.00
65.00
64.00
64.00
64.00
64.00
64.00
65.00
64.00
64.00
64.00




-----------------------------
---PROMEDIO DEL 2DO RANGO ---
-----------------------------
 Números totales: 	 566 
 Suma de números: 	 36656 
 Valor promedio: 	 64.7632508834 






-----------------------------
-- 3ER RANGO DE MEDICIONES --
-----------------------------
65.00
64.00
64.00
64.00
64.00
64.00
64.00
64.00
64.00
65.00
65.00
65.00
64.00
64.00
64.00
65.00
64.00
65.00
64.00
65.00
64.00
64.00
64.00
64.00
64.00
64.00
64.00
64.00
64.00
64.00
64.00
65.00
64.00
64.00
64.00
65.00
64.00
64.00
64.00
64.00
64.00
64.00
64.00
64.00
65.00
64.00
64.00
65.00
64.00
64.00
65.00
64.00
65.00
64.00
64.00
64.00
64.00
64.00
64.00
65.00
64.00
64.00
64.00
64.00
64.00
64.00
65.00
64.00
64.00
64.00
64.00
64.00
65.00
64.00
64.00
64.00
65.00
64.00
64.00
64.00
64.00
64.00
64.00
64.00
64.00
64.00
64.00
64.00
64.00
64.00
64.00
64.00
64.00
64.00
64.00
64.00
64.00
64.00
64.00
64.00
64.00
64.00
64.00
64.00
64.00
64.00
64.00
64.00
64.00
64.00
64.00
65.00
64.00
64.00
65.00
64.00
64.00
64.00
63.00
64.00
64.00
64.00
64.00
64.00
64.00
64.00
64.00
64.00
64.00
64.00
64.00
64.00
64.00
64.00
64.00
64.00
64.00
64.00
64.00
64.00
64.00
63.00
64.00
64.00
64.00
64.00
64.00
64.00
64.00
64.00
64.00
64.00
64.00
64.00
64.00
64.00
64.00
64.00
64.00
64.00
64.00
64.00
64.00
64.00
64.00
64.00
64.00
64.00
64.00
64.00
64.00
64.00
63.00
63.00
64.00
63.00
64.00
63.00
64.00
64.00
63.00
64.00
64.00
63.00
63.00
63.00
64.00
64.00
63.00
63.00
64.00
64.00
63.00
64.00
64.00
64.00
64.00
64.00
64.00
64.00
64.00
63.00
63.00
64.00
63.00
63.00
63.00
64.00
63.00
63.00
64.00
63.00
64.00
63.00
63.00
64.00
64.00
63.00
63.00
64.00
64.00
64.00
63.00
63.00
63.00
64.00
63.00
63.00
63.00
64.00
63.00
63.00
63.00
63.00
63.00
63.00
64.00
63.00
63.00
63.00
63.00
63.00
63.00
63.00
63.00
63.00
63.00
63.00
64.00
63.00
64.00
64.00
63.00
63.00
63.00
63.00
63.00
63.00
63.00
63.00
63.00
63.00
63.00
63.00
63.00
63.00
63.00
64.00
63.00
63.00
63.00
63.00
63.00
63.00
64.00
63.00
63.00
63.00
63.00
63.00
63.00
63.00
63.00
63.00
63.00
63.00
63.00
63.00
63.00
63.00
63.00
63.00
63.00
63.00
63.00
63.00
63.00
63.00
63.00
63.00
63.00
63.00
62.00
63.00
63.00
63.00
63.00
63.00
63.00
64.00
63.00
63.00
63.00
64.00
63.00
64.00
63.00
63.00
63.00
63.00
63.00
62.00
63.00
63.00
63.00
63.00
63.00
63.00
63.00
63.00
63.00
63.00
63.00
63.00
63.00
63.00
63.00
63.00
63.00
63.00
63.00
63.00
63.00
63.00
63.00
63.00
62.00
63.00
63.00
63.00
63.00
62.00
63.00
63.00
63.00
62.00
63.00
63.00
63.00
63.00
63.00
63.00
62.00
63.00
63.00
63.00
62.00
63.00
63.00
63.00
63.00
63.00
63.00
62.00
63.00
63.00
63.00
62.00
63.00
63.00
62.00
63.00
63.00
62.00
62.00
62.00
62.00
62.00
63.00
63.00
62.00
62.00
63.00
62.00
62.00
63.00
62.00
63.00
62.00
63.00
62.00
63.00
62.00
63.00
63.00
63.00
63.00
63.00
62.00
62.00
62.00
62.00
63.00
62.00
62.00
62.00
62.00
63.00
62.00
62.00
62.00
62.00
62.00
62.00
62.00
62.00
62.00
62.00
62.00
62.00
62.00
63.00
62.00
62.00
62.00
62.00
62.00
62.00
62.00
63.00
62.00
62.00
62.00
62.00
62.00
62.00
62.00
62.00
62.00
62.00
62.00
62.00
62.00
62.00
62.00
62.00
62.00
62.00
62.00
61.00
62.00
62.00
62.00
62.00
62.00
62.00
62.00
62.00
62.00
62.00
62.00
62.00
62.00
62.00
62.00
62.00
62.00
62.00
62.00
62.00
62.00
62.00
62.00
62.00
61.00
62.00
61.00
62.00
61.00
62.00
62.00
61.00
62.00
61.00
62.00
62.00
61.00
62.00
62.00
62.00
62.00
62.00
62.00
62.00
62.00
62.00
61.00
62.00
62.00
61.00
62.00
61.00
62.00
61.00
62.00
61.00
61.00
61.00
62.00
61.00
61.00
61.00
61.00
61.00
61.00
61.00
61.00
61.00
62.00
61.00
61.00
61.00
61.00
61.00
61.00
62.00
61.00
61.00
61.00
61.00
61.00
61.00
61.00
61.00
61.00
61.00
61.00
61.00
61.00
61.00
61.00
61.00
61.00
61.00
61.00
61.00
61.00
61.00
61.00
61.00
60.00
61.00
61.00
61.00
61.00
61.00
61.00
61.00
61.00
61.00
61.00
61.00
61.00
61.00
61.00
61.00
61.00
61.00
61.00
61.00
61.00
61.00
61.00
61.00
61.00
61.00
61.00
61.00
61.00
61.00
61.00
61.00
61.00
61.00
61.00
61.00
61.00
61.00
61.00
61.00
61.00
60.00
61.00
61.00
60.00
61.00
61.00
60.00
60.00
61.00
60.00
60.00
60.00
61.00
61.00
61.00
60.00
61.00
61.00
61.00
61.00
61.00
60.00
60.00
60.00
60.00
61.00
60.00
60.00
60.00
60.00
60.00
60.00
60.00
61.00
60.00
61.00
60.00
60.00
61.00
60.00
60.00
60.00
60.00
61.00
60.00
60.00
60.00
60.00
60.00
60.00
60.00
60.00
60.00
60.00
60.00
60.00
60.00
60.00
60.00
60.00
60.00
60.00
61.00
60.00
60.00
60.00
60.00
60.00
60.00
60.00
60.00
60.00
60.00
60.00
60.00
60.00
60.00
60.00
60.00
60.00
60.00
60.00
59.00
60.00
59.00
60.00
60.00
60.00
59.00
59.00
60.00
60.00
60.00
60.00
60.00
60.00
60.00


-----------------------------
---PROMEDIO del 3er Rango ---
-----------------------------
 Números totales: 	 698 
 Suma de números: 	 43618 
 Valor promedio: 	 62.4899713467 