

Pagina Obtener Promedio ->https://miniwebtool.com/es/average-calculator/

============================================
== MEDICIONES SENSOR MITAD SUMERGIDO =======
============================================


(Calcularemos los promedios de las mediciones realizadas distribuidas 
en 3 rangos de 1000 mediciones para cada rango para saber el valor casi 
exacto de la medición que toma el sensor MITAD sumergido(100% Smergido)).


* Cada una de las Mediciones se tomaron cada 200 milisegundos
* Las Mediciones se tomáron a Temperatura Ambiente y Agua (Aprox. 25°C)
* El sensor estaba adherido a la pared del recipiente y de forma vertical


-----------------------------
-- 1ER RANGO DE MEDICIONES --
-----------------------------
166.00
165.00
173.00
175.00
175.00
164.00
158.00
163.00
149.00
165.00
166.00
169.00
168.00
167.00
171.00
146.00
146.00
147.00
157.00
148.00
167.00
165.00
165.00
163.00
163.00
159.00
162.00
150.00
159.00
164.00
161.00
163.00
160.00
158.00
166.00
163.00
168.00
161.00
169.00
171.00
163.00
173.00
174.00
178.00
170.00
170.00
172.00
176.00
170.00
171.00
167.00
167.00
167.00
169.00
170.00
170.00
171.00
173.00
180.00
171.00
175.00
180.00
178.00
177.00
171.00
177.00
174.00
176.00
171.00
173.00
176.00
176.00
177.00
176.00
174.00
173.00
176.00
175.00
177.00
174.00
177.00
174.00
178.00
179.00
180.00
181.00
178.00
181.00
179.00
174.00
181.00
179.00
174.00
176.00
181.00
186.00
186.00
188.00
184.00
188.00
185.00
188.00
187.00
189.00
191.00
193.00
194.00
197.00
195.00
194.00
194.00
194.00
196.00
192.00
192.00
193.00
192.00
192.00
184.00
184.00
184.00
184.00
184.00
184.00
184.00
185.00
185.00
185.00
186.00
186.00
186.00
189.00
189.00
187.00
188.00
189.00
188.00
188.00
188.00
188.00
188.00
188.00
188.00
189.00
189.00
189.00
189.00
190.00
191.00
190.00
191.00
190.00
191.00
192.00
194.00
194.00
195.00
197.00
195.00
188.00
196.00
190.00
194.00
195.00
196.00
196.00
193.00
194.00
195.00
195.00
182.00
196.00
195.00
182.00
185.00
190.00
198.00
187.00
186.00
190.00
197.00
191.00
185.00
197.00
185.00
188.00
189.00
189.00
199.00
197.00
196.00
198.00
188.00
191.00
192.00
194.00
199.00
197.00
199.00
199.00
198.00
191.00
201.00
207.00
202.00
200.00
199.00
199.00
191.00
193.00
191.00
198.00
202.00
193.00
196.00
200.00
194.00
189.00
200.00
190.00
192.00
198.00
196.00
197.00
201.00
198.00
198.00
197.00
200.00
198.00
202.00
195.00
195.00
195.00
197.00
199.00
169.00
164.00
164.00
158.00
159.00
158.00
158.00
158.00
159.00
157.00
161.00
160.00
160.00
159.00
161.00
160.00
159.00
159.00
159.00
159.00
160.00
159.00
159.00
159.00
161.00
160.00
159.00
160.00
159.00
159.00
160.00
160.00
160.00
161.00
163.00
160.00
161.00
161.00
162.00
159.00
161.00
161.00
160.00
161.00
161.00
160.00
161.00
162.00
160.00
161.00
163.00
161.00
162.00
160.00
160.00
160.00
162.00
163.00
160.00
162.00
163.00
162.00
161.00
162.00
163.00
161.00
161.00
162.00
162.00
162.00
164.00
162.00
164.00
161.00
161.00
162.00
163.00
163.00
166.00
163.00
164.00
165.00
162.00
163.00
164.00
166.00
163.00
164.00
162.00
164.00
163.00
162.00
166.00
163.00
163.00
162.00
164.00
163.00
163.00
163.00
162.00
164.00
163.00
164.00
162.00
164.00
163.00
163.00
164.00
163.00
162.00
165.00
164.00
164.00
163.00
163.00
163.00
164.00
165.00
164.00
163.00
163.00
163.00
163.00
165.00
164.00
162.00
162.00
163.00
162.00
162.00
163.00
163.00
163.00
163.00
163.00
165.00
165.00
166.00
165.00
165.00
165.00
164.00
164.00
164.00
165.00
166.00
165.00
164.00
164.00
164.00
163.00
163.00
164.00
164.00
163.00
163.00
164.00
163.00
163.00
164.00
164.00
163.00
164.00
165.00
165.00
166.00
165.00
165.00
165.00
165.00
165.00
165.00
166.00
165.00
165.00
165.00
165.00
165.00
166.00
166.00
166.00
166.00
166.00
166.00
167.00
165.00
166.00
166.00
165.00
165.00
165.00
165.00
164.00
165.00
165.00
166.00
166.00
166.00
165.00
163.00
164.00
164.00
164.00
164.00
164.00
164.00
165.00
164.00
164.00
164.00
164.00
164.00
164.00
164.00
164.00
164.00
164.00
164.00
164.00
164.00
164.00
164.00
165.00
164.00
165.00
165.00
166.00
165.00
165.00
165.00
164.00
164.00
165.00
165.00
165.00
165.00
164.00
165.00
166.00
165.00
165.00
166.00
165.00
166.00
165.00
165.00
165.00
164.00
164.00
164.00
166.00
165.00
165.00
163.00
163.00
163.00
164.00
165.00
165.00
164.00
164.00
164.00
163.00
163.00
163.00
163.00
163.00
163.00
165.00
165.00
164.00
164.00
167.00
165.00
164.00
165.00
164.00
164.00
163.00
164.00
164.00
164.00
164.00
164.00
163.00
163.00
163.00
163.00
163.00
164.00
164.00
164.00
164.00
164.00
164.00
164.00
164.00
164.00
165.00
165.00
164.00
165.00
163.00
163.00
164.00
164.00
164.00
164.00
165.00
164.00
163.00
163.00
163.00
163.00
163.00
164.00
164.00
164.00
166.00
164.00
163.00
163.00
163.00
164.00
165.00
165.00
163.00
163.00
164.00
164.00
164.00
164.00
164.00
164.00
165.00
165.00
165.00
164.00
163.00
162.00
162.00
163.00
163.00
162.00
162.00
163.00
163.00
162.00
162.00
162.00
163.00
162.00
163.00
163.00
163.00
163.00
164.00
163.00
163.00
163.00
163.00
163.00
164.00
163.00
163.00
163.00
163.00
163.00
163.00
163.00
163.00
164.00
164.00
163.00
164.00
164.00
164.00
164.00
164.00
164.00
164.00
163.00
163.00
163.00
164.00
163.00
163.00
163.00
163.00
164.00
164.00
164.00
165.00
162.00
162.00
162.00
162.00
162.00
162.00
162.00
162.00
162.00
162.00
163.00
163.00
163.00
163.00
164.00
163.00
164.00
164.00
164.00
164.00
163.00
162.00
161.00
161.00
162.00
162.00
161.00
162.00
161.00
161.00
161.00
161.00
161.00
161.00
161.00
161.00
161.00
162.00
162.00
162.00
162.00
162.00
162.00
162.00
162.00
162.00
162.00
162.00
162.00
162.00
162.00
162.00
162.00
162.00
162.00
162.00
162.00
162.00
162.00
162.00
162.00
162.00
162.00
162.00
163.00
163.00
163.00
162.00
163.00
163.00
163.00
163.00
163.00
163.00
163.00
163.00
163.00
163.00
163.00
163.00
163.00
163.00
163.00
163.00

-----------------------------
---PROMEDIO 1ER RANGO ---
-----------------------------
 Números totales: 	 714 
 Suma de números: 	 121185 
 Valor promedio: 	 169.726890756



-----------------------------
-- 2DO RANGO DE MEDICIONES --
-----------------------------
163.00
163.00
163.00
164.00
163.00
164.00
165.00
165.00
166.00
167.00
169.00
166.00
166.00
166.00
165.00
166.00
165.00
166.00
166.00
166.00
165.00
165.00
165.00
166.00
165.00
165.00
167.00
165.00
165.00
167.00
166.00
166.00
165.00
166.00
166.00
166.00
166.00
167.00
174.00
165.00
160.00
161.00
162.00
163.00
163.00
162.00
162.00
161.00
161.00
163.00
162.00
162.00
161.00
162.00
162.00
161.00
161.00
162.00
162.00
161.00
163.00
163.00
162.00
162.00
163.00
163.00
163.00
163.00
161.00
161.00
161.00
161.00
161.00
162.00
161.00
162.00
164.00
162.00
163.00
165.00
164.00
164.00
161.00
164.00
162.00
162.00
164.00
162.00
162.00
161.00
162.00
163.00
165.00
163.00
163.00
162.00
164.00
169.00
170.00
164.00
162.00
163.00
159.00
163.00
164.00
163.00
162.00
164.00
165.00
161.00
163.00
165.00
160.00
162.00
165.00
161.00
162.00
162.00
160.00
159.00
163.00
164.00
164.00
161.00
165.00
160.00
165.00
162.00
161.00
164.00
162.00
164.00
162.00
162.00
161.00
161.00
161.00
162.00
162.00
163.00
160.00
162.00
161.00
160.00
159.00
157.00
161.00
161.00
161.00
161.00
161.00
161.00
161.00
161.00
161.00
161.00
161.00
160.00
160.00
160.00
160.00
160.00
160.00
160.00
157.00
160.00
159.00
160.00
160.00
159.00
160.00
160.00
160.00
160.00
160.00
160.00
159.00
159.00
158.00
159.00
159.00
160.00
160.00
159.00
160.00
160.00
160.00
159.00
160.00
160.00
160.00
158.00
160.00
160.00
160.00
160.00
160.00
159.00
159.00
159.00
160.00
160.00
160.00
160.00
160.00
159.00
160.00
159.00
159.00
159.00
159.00
160.00
160.00
159.00
160.00
160.00
160.00
160.00
159.00
159.00
159.00
159.00
159.00
159.00
158.00
158.00
160.00
160.00
160.00
160.00
160.00
160.00
160.00
160.00
160.00
160.00
160.00
160.00
160.00
159.00
159.00
159.00
160.00
159.00
159.00
159.00
159.00
160.00
160.00
160.00
159.00
159.00
159.00
159.00
160.00
160.00
159.00
159.00
160.00
160.00
159.00
159.00
159.00
159.00
159.00
159.00
159.00
159.00
159.00
159.00
159.00
159.00
159.00
159.00
159.00
159.00
160.00
160.00
159.00
160.00
160.00
160.00
160.00
160.00
160.00
160.00
159.00
159.00
159.00
159.00
159.00
159.00
159.00
159.00
159.00
159.00
159.00
159.00
158.00
158.00
158.00
157.00
158.00
158.00
159.00
159.00
159.00
159.00
159.00
158.00
158.00
158.00
158.00
158.00
158.00
159.00
158.00
157.00
158.00
158.00
158.00
158.00
158.00
158.00
158.00
158.00
158.00
158.00
158.00
158.00
158.00
158.00
158.00
158.00
159.00
159.00
159.00
158.00
159.00
159.00
159.00
159.00
159.00
160.00
159.00
160.00
159.00
159.00
159.00
160.00
160.00
159.00
160.00
160.00
160.00
159.00
160.00
160.00
160.00
159.00
159.00
158.00
159.00
159.00
159.00
159.00
159.00
159.00
159.00
159.00
159.00
159.00
159.00
159.00
159.00
158.00
158.00
158.00
159.00
159.00
159.00
159.00
159.00
160.00
160.00
160.00
159.00
159.00
160.00
160.00
159.00
159.00
159.00
159.00
159.00
160.00
159.00
159.00
160.00
159.00
159.00
157.00
158.00
159.00
160.00
158.00
159.00
158.00
158.00
160.00
161.00
160.00
160.00
161.00
162.00
162.00
160.00
161.00
161.00
163.00
164.00
162.00
161.00
162.00
162.00
162.00
162.00
163.00
161.00
161.00
161.00
162.00
162.00
162.00
164.00
164.00
161.00
160.00
161.00
163.00
161.00
161.00
162.00
161.00
163.00
163.00
163.00
162.00
163.00
163.00
163.00
163.00
163.00
162.00
162.00
160.00
165.00
165.00
164.00
164.00
163.00
165.00
162.00
164.00
163.00
164.00
164.00
164.00
164.00
166.00
163.00
163.00
163.00
165.00
167.00
166.00
165.00
165.00
165.00
165.00
165.00
165.00
165.00
164.00
165.00
164.00
162.00
162.00
163.00
163.00
163.00
161.00
162.00
163.00
162.00
162.00
163.00
161.00
161.00
161.00
161.00
161.00
161.00
162.00
162.00
163.00
162.00
161.00
161.00
161.00
160.00
161.00
161.00
161.00
160.00
160.00
161.00
160.00
158.00
157.00
157.00
157.00
156.00
157.00
159.00
159.00
158.00
159.00
159.00
159.00
159.00
159.00
159.00
160.00
160.00
160.00
160.00
160.00
160.00
160.00
160.00
160.00
160.00
160.00
160.00
160.00
160.00
160.00
160.00
160.00
160.00
160.00
160.00
160.00
161.00
160.00
159.00
159.00
159.00
159.00
159.00
159.00
160.00
160.00
160.00
160.00
159.00
160.00
160.00
160.00
159.00
159.00
160.00
159.00
159.00
160.00
160.00
160.00
160.00
160.00
160.00
160.00
160.00
160.00
161.00
160.00
160.00
160.00
160.00
161.00
162.00
161.00
159.00
159.00
160.00




-----------------------------
---PROMEDIO DEL 2DO RANGO ---
-----------------------------
Números totales: 	 595 
 Suma de números: 	 95700 
 Valor promedio: 	 160.840336134 





-----------------------------
-- 3ER RANGO DE MEDICIONES --
-----------------------------
153.00
152.00
153.00
152.00
152.00
153.00
154.00
153.00
153.00
154.00
154.00
153.00
152.00
152.00
152.00
152.00
154.00
155.00
155.00
155.00
155.00
155.00
155.00
155.00
155.00
154.00
155.00
155.00
155.00
154.00
154.00
154.00
154.00
157.00
154.00
154.00
154.00
155.00
158.00
157.00
154.00
156.00
157.00
155.00
157.00
156.00
156.00
156.00
156.00
156.00
156.00
157.00
156.00
156.00
156.00
156.00
156.00
156.00
156.00
156.00
156.00
156.00
156.00
157.00
157.00
156.00
156.00
156.00
157.00
156.00
155.00
155.00
156.00
155.00
155.00
156.00
155.00
154.00
154.00
154.00
154.00
153.00
153.00
154.00
154.00
154.00
152.00
152.00
153.00
153.00
153.00
153.00
152.00
153.00
154.00
152.00
152.00
152.00
152.00
154.00
154.00
154.00
154.00
154.00
156.00
155.00
153.00
154.00
154.00
153.00
154.00
153.00
154.00
152.00
152.00
153.00
152.00
153.00
152.00
152.00
153.00
152.00
152.00
152.00
153.00
152.00
152.00
152.00
152.00
152.00
152.00
152.00
152.00
152.00
152.00
153.00
152.00
152.00
152.00
152.00
152.00
153.00
151.00
151.00
152.00
152.00
151.00
151.00
151.00
151.00
151.00
151.00
152.00
152.00
151.00
151.00
152.00
152.00
151.00
151.00
152.00
152.00
152.00
152.00
152.00
152.00
152.00
152.00
153.00
153.00
153.00
152.00
153.00
151.00
151.00
151.00
151.00
152.00
152.00
152.00
150.00
151.00
150.00
150.00
150.00
151.00
151.00
151.00
150.00
151.00
151.00
150.00
151.00
150.00
151.00
151.00
150.00
150.00
151.00
151.00
151.00
151.00
151.00
152.00
150.00
150.00
150.00
150.00
150.00
151.00
150.00
150.00
150.00
150.00
150.00
150.00
150.00
150.00
150.00
150.00
150.00
150.00
150.00
150.00
150.00
150.00
151.00
151.00
151.00
149.00
149.00
149.00
149.00
150.00
150.00
150.00
151.00
152.00
151.00
151.00
151.00
151.00
151.00
151.00
151.00
151.00
151.00
151.00
151.00
151.00
151.00
151.00
152.00
152.00
152.00
152.00
152.00
152.00
152.00
152.00
151.00
151.00
152.00
151.00
151.00
152.00
151.00
151.00
151.00
152.00
151.00
151.00
152.00
152.00
152.00
152.00
152.00
151.00
152.00
152.00
152.00
151.00
151.00
151.00
151.00
151.00
152.00
152.00
152.00
153.00
153.00
153.00
152.00
153.00
153.00
153.00
152.00
152.00
152.00
152.00
152.00
151.00
151.00
151.00
151.00
152.00
151.00
152.00
151.00
151.00
151.00
152.00
151.00
152.00
151.00
151.00
152.00
151.00
151.00
151.00
152.00
151.00
151.00
152.00
151.00
152.00
151.00
151.00
151.00
151.00
152.00
152.00
152.00
152.00
152.00
153.00
153.00
153.00
154.00
160.00
168.00
159.00
152.00
151.00
148.00
149.00
148.00
148.00
149.00
150.00
156.00
151.00
151.00
155.00
155.00
156.00
155.00
155.00
156.00
146.00
147.00
147.00
146.00
147.00
148.00
149.00
152.00
155.00
153.00
150.00
152.00
153.00
156.00
153.00
154.00
160.00
165.00
181.00
151.00
154.00
153.00
153.00
152.00
153.00
154.00
152.00
154.00
156.00
154.00



-----------------------------
---PROMEDIO del 3er Rango ---
-----------------------------
Números totales: 	 389 
Suma de números: 	 59337 
Valor promedio: 	 152.537275064 
