

Pagina Obtener Promedio ->https://miniwebtool.com/es/average-calculator/

=================================================
== MEDICIONES SENSOR FALLA CABLE NEGATIVO =======
=================================================


(Calcularemos los promedios de las mediciones realizadas distribuidas 
en 3 rangos de 500 mediciones aprox. para cada rango para saber el valor casi 
exacto de la medición que toma el sensor cuando se desconecta el cable negativo
, posible falla electrica o de suministro.


* Cada una de las Mediciones se tomaron cada 200 milisegundos
* Las Mediciones se tomáron a Temperatura Ambiente y Agua (Aprox. 25°C)
* El sensor estaba adherido a la pared del recipiente y de forma vertical


-----------------------------
-- 1ER RANGO DE MEDICIONES --
-----------------------------
1010.00
1010.00
1010.00
1009.00
1010.00
1010.00
1009.00
1009.00
1010.00
1010.00
1010.00
1010.00
1010.00
1010.00
1011.00
1011.00
1010.00
1010.00
1010.00
1010.00
1010.00
1011.00
1010.00
1010.00
1010.00
1010.00
1010.00
1009.00
1010.00
1010.00
1010.00
1011.00
1011.00
1010.00
1010.00
1010.00
1011.00
1011.00
1011.00
1010.00
1010.00
1010.00
1010.00
1010.00
1010.00
1010.00
1010.00
1009.00
1009.00
1009.00
1010.00
1010.00
1010.00
1011.00
1011.00
1009.00
1011.00
1011.00
1011.00
1011.00
1010.00
1010.00
1010.00
1009.00
1010.00
1009.00
1009.00
1008.00
912.00
919.00
921.00
921.00
920.00
919.00
919.00
919.00
918.00
921.00
922.00
922.00
921.00
921.00
920.00
920.00
919.00
919.00
919.00
918.00
917.00
917.00
917.00
919.00
918.00
920.00
921.00
922.00
922.00
922.00
922.00
923.00
924.00
923.00
922.00
922.00
921.00
921.00
920.00
920.00
920.00
920.00
917.00
918.00
918.00
920.00
920.00
921.00
921.00
922.00
922.00
923.00
923.00
924.00
925.00
924.00
923.00
923.00
922.00
921.00
920.00
920.00
920.00
920.00
919.00
918.00
918.00
919.00
920.00
921.00
922.00
922.00
923.00
923.00
922.00
924.00
924.00
924.00
923.00
923.00
923.00
922.00
921.00
921.00
921.00
920.00
921.00
918.00
919.00
920.00
921.00
921.00
922.00
923.00
923.00
923.00
924.00
924.00
925.00
924.00
924.00
923.00
923.00
923.00
922.00
921.00
921.00
921.00
920.00
919.00
920.00
921.00
921.00
922.00
923.00
923.00
924.00
924.00
924.00
926.00
926.00
926.00
924.00
923.00
923.00
922.00
922.00
922.00
922.00
920.00
920.00
921.00
922.00
922.00
923.00
924.00
925.00
925.00
925.00
925.00
927.00
927.00
926.00
925.00
924.00
924.00
922.00
923.00
923.00
922.00
921.00
921.00
922.00
922.00
923.00
923.00
925.00
925.00
925.00
925.00
926.00
927.00
927.00
925.00
925.00
924.00
924.00
923.00
923.00
923.00
922.00
921.00
921.00
922.00
923.00
923.00
924.00
925.00
925.00
925.00
926.00
926.00
927.00
927.00
926.00
925.00
925.00
924.00
923.00
923.00
923.00
923.00
922.00
921.00
922.00
922.00
923.00
924.00
925.00
925.00
926.00
925.00
926.00
927.00
927.00
927.00
926.00
925.00
924.00
924.00
923.00
923.00
923.00
922.00
921.00
922.00
923.00
923.00
924.00
924.00
925.00
926.00
926.00
926.00
927.00
927.00
927.00
926.00
925.00
925.00
924.00
923.00
923.00
923.00
923.00
921.00
922.00
922.00
923.00
923.00
924.00
924.00
925.00
926.00
926.00
927.00
928.00
927.00
927.00
926.00
926.00
925.00
924.00
924.00
923.00
923.00
922.00
922.00
922.00
924.00
925.00
925.00
925.00
926.00
926.00
927.00
925.00
929.00
929.00
927.00
927.00
926.00
926.00
924.00
925.00
925.00
924.00
923.00
923.00
923.00
925.00
925.00
926.00
926.00
927.00
928.00
928.00
928.00
930.00
929.00
928.00
927.00
927.00
926.00
926.00
926.00
925.00
925.00
924.00
924.00
925.00
925.00
926.00
927.00
927.00
928.00
928.00
929.00
930.00
931.00
930.00
928.00
928.00
928.00
927.00
926.00
926.00
926.00
925.00
924.00
925.00
926.00
926.00
927.00
927.00
928.00
929.00
929.00
930.00
930.00
931.00
931.00
929.00
929.00
928.00
928.00
926.00
926.00
927.00
926.00
925.00
925.00
926.00
927.00
927.00
928.00
929.00
929.00
930.00
930.00
930.00
931.00
931.00
930.00
930.00
929.00
929.00
928.00
928.00
927.00
927.00
928.00
926.00
926.00
927.00
927.00
928.00
929.00
930.00
930.00
930.00
930.00
929.00
932.00
932.00
932.00
931.00
930.00
930.00
929.00
928.00
928.00
928.00
928.00
928.00
927.00
927.00
927.00
929.00
929.00
929.00
930.00
930.00
931.00
931.00
931.00
932.00
933.00
933.00
932.00
931.00
931.00
930.00
929.00
929.00
929.00
929.00
928.00
927.00
927.00
929.00
929.00
930.00
930.00
931.00
931.00
931.00
930.00
932.00
934.00
934.00
933.00
932.00
931.00
931.00
930.00
930.00
929.00
928.00
929.00
927.00
928.00
929.00
930.00
931.00
930.00
932.00
932.00
932.00
932.00
934.00
934.00
934.00
933.00
932.00
932.00
932.00
931.00
930.00
930.00
930.00
928.00
929.00
930.00
930.00
931.00
932.00
933.00
933.00
933.00
934.00
933.00
935.00
934.00
933.00
933.00
933.00
932.00
931.00
931.00
930.00
931.00
929.00
929.00
930.00
931.00
931.00
932.00
933.00
933.00
934.00
934.00
934.00
935.00
936.00
936.00
934.00
934.00
934.00
933.00
932.00
932.00
932.00
932.00
931.00
930.00
930.00
931.00
932.00
932.00
933.00
934.00
934.00
934.00
935.00
935.00
936.00
937.00
936.00
935.00
934.00
931.00
928.00
926.00
923.00
923.00
923.00
921.00
921.00
919.00
921.00
921.00
922.00
923.00
924.00
923.00
925.00
925.00
925.00
927.00
927.00
927.00
925.00
925.00
925.00
922.00
923.00
923.00
923.00
923.00
921.00
921.00
922.00
922.00
923.00
923.00
924.00
925.00
925.00
926.00
926.00
926.00
928.00
928.00
927.00
926.00
926.00
925.00
924.00
924.00
924.00
924.00
923.00
922.00
922.00
921.00
924.00
924.00
925.00
925.00
926.00
926.00
927.00
927.00
928.00
930.00
928.00
928.00
927.00
927.00
926.00
926.00
925.00
925.00
925.00
924.00
923.00
924.00
924.00
925.00
926.00
926.00


-----------------------------
---PROMEDIO 1ER RANGO ---
-----------------------------
Números totales: 	 660 
 Suma de números: 	 616776 
 Valor promedio: 	 934.509090909 



-----------------------------
-- 2DO RANGO DE MEDICIONES --
-----------------------------
930.00
930.00
930.00
931.00
932.00
932.00
931.00
930.00
929.00
929.00
929.00
928.00
927.00
928.00
928.00
926.00
927.00
927.00
928.00
928.00
929.00
930.00
930.00
931.00
931.00
930.00
933.00
933.00
933.00
932.00
930.00
931.00
930.00
930.00
929.00
928.00
929.00
929.00
928.00
927.00
927.00
928.00
929.00
930.00
930.00
930.00
931.00
932.00
932.00
932.00
932.00
933.00
934.00
933.00
932.00
932.00
931.00
931.00
929.00
930.00
930.00
930.00
930.00
928.00
928.00
928.00
929.00
930.00
930.00
931.00
932.00
932.00
932.00
932.00
932.00
934.00
934.00
934.00
933.00
933.00
932.00
931.00
930.00
930.00
930.00
930.00
930.00
928.00
928.00
929.00
930.00
930.00
931.00
931.00
932.00
932.00
933.00
933.00
933.00
935.00
934.00
934.00
933.00
932.00
932.00
932.00
930.00
930.00
930.00
930.00
930.00
928.00
928.00
929.00
930.00
930.00
931.00
932.00
932.00
932.00
933.00
933.00
933.00
934.00
935.00
935.00
935.00
933.00
934.00
933.00
932.00
932.00
931.00
931.00
930.00
931.00
929.00
929.00
929.00
930.00
930.00
931.00
932.00
933.00
933.00
933.00
933.00
934.00
933.00
936.00
936.00
935.00
934.00
934.00
933.00
933.00
932.00
932.00
930.00
931.00
931.00
930.00
930.00
930.00
931.00
932.00
932.00
933.00
933.00
934.00
934.00
934.00
933.00
936.00
936.00
935.00
934.00
934.00
933.00
933.00
933.00
932.00
931.00
930.00
930.00
930.00
930.00
931.00
932.00
932.00
933.00
934.00
934.00
934.00
935.00
936.00
936.00
936.00
936.00
934.00
934.00
934.00
933.00
933.00
932.00
932.00
931.00
931.00
930.00
931.00
932.00
933.00
933.00
934.00
934.00
934.00
935.00
935.00
936.00
936.00
936.00
934.00
935.00
934.00
933.00
933.00
932.00
932.00
931.00
931.00
931.00
931.00
932.00
932.00
933.00
934.00
934.00
934.00
935.00
935.00
936.00
936.00
937.00
937.00
936.00
936.00
935.00
934.00
934.00
934.00
933.00
933.00
933.00
932.00
931.00
931.00
932.00
933.00
933.00
933.00
934.00
934.00
935.00
935.00
935.00
936.00
936.00
937.00
937.00
937.00
936.00
935.00
935.00
933.00
934.00
933.00
933.00
933.00
933.00
932.00
931.00
931.00
932.00
933.00
933.00
934.00
934.00
935.00
935.00
935.00
936.00
936.00
937.00
937.00
937.00
937.00
936.00
936.00
935.00
934.00
934.00
934.00
933.00
933.00
933.00
931.00
932.00
932.00
933.00
934.00
934.00
934.00
935.00
935.00
936.00
936.00
936.00
936.00
937.00
937.00
938.00
937.00
936.00
936.00
935.00
935.00
934.00
934.00
934.00
934.00
933.00
932.00
932.00
932.00
932.00
934.00
934.00
934.00
935.00
936.00
936.00
936.00
936.00
937.00
937.00
938.00
938.00
938.00
937.00
936.00
936.00
935.00
935.00
934.00
934.00
934.00
934.00
934.00
932.00
932.00
933.00
933.00
934.00
935.00
934.00
935.00
935.00
936.00
936.00
937.00
937.00
937.00
938.00
937.00
939.00
938.00
936.00
937.00
937.00
936.00
935.00
935.00
935.00
934.00
933.00
934.00
933.00
932.00
933.00
934.00
934.00
935.00
935.00
936.00
936.00
936.00
937.00
937.00
937.00
938.00
938.00
939.00
939.00
937.00
937.00
936.00
936.00
936.00
935.00
935.00
935.00
935.00
934.00
934.00
933.00
933.00
933.00
934.00
934.00
935.00
936.00
937.00
937.00
937.00
937.00
938.00




-----------------------------
---PROMEDIO DEL 2DO RANGO ---
-----------------------------
 Números totales: 	 426 
 Suma de números: 	 397498 
 Valor promedio: 	 933.093896714 






-----------------------------
-- 3ER RANGO DE MEDICIONES --
-----------------------------

937.00
935.00
935.00
935.00
936.00
935.00
934.00
934.00
934.00
935.00
936.00
936.00
937.00
937.00
937.00
938.00
938.00
938.00
939.00
940.00
939.00
939.00
938.00
937.00
937.00
937.00
936.00
936.00
936.00
934.00
935.00
934.00
934.00
933.00
935.00
935.00
936.00
937.00
937.00
938.00
938.00
938.00
938.00
938.00
940.00
940.00
940.00
939.00
939.00
939.00
937.00
937.00
937.00
936.00
936.00
936.00
936.00
935.00
934.00
934.00
934.00
935.00
936.00
936.00
937.00
937.00
938.00
938.00
938.00
939.00
939.00
940.00
940.00
940.00
938.00
939.00
938.00
937.00
936.00
936.00
937.00
936.00
935.00
934.00
934.00
934.00
935.00
936.00
936.00
935.00
937.00
937.00
938.00
938.00
938.00
939.00
940.00
940.00
940.00
939.00
939.00
938.00
936.00
936.00
937.00
936.00
935.00
936.00
934.00
934.00
935.00
935.00
935.00
936.00
937.00
937.00
938.00
938.00
938.00
939.00
940.00
940.00
940.00
940.00
939.00
938.00
938.00
938.00
937.00
937.00
936.00
936.00
936.00
935.00
934.00
934.00
935.00
936.00
936.00
936.00
937.00
938.00
938.00
938.00
938.00
938.00
940.00
940.00
941.00
941.00
939.00
939.00
939.00
938.00
938.00
937.00
937.00
936.00
935.00
936.00
935.00
934.00
934.00
935.00
935.00
935.00
936.00
936.00
937.00
937.00
938.00
938.00
938.00
938.00
939.00
939.00
940.00
940.00
940.00
940.00
938.00
938.00
938.00
938.00
937.00
937.00
937.00
936.00
936.00
936.00
935.00
935.00
934.00
934.00
934.00
935.00
936.00
936.00
936.00
937.00
937.00
938.00
938.00
938.00
939.00
939.00
939.00
940.00
940.00
940.00
939.00
938.00
938.00
938.00
937.00
937.00
936.00
936.00
936.00
935.00
935.00
934.00
934.00
934.00
935.00
935.00
936.00
936.00
936.00
937.00
938.00
938.00
938.00
938.00
938.00
939.00
940.00
939.00
940.00
939.00
939.00
938.00
937.00
937.00
937.00
936.00
936.00
936.00
936.00
935.00
934.00
934.00
934.00
934.00
934.00
935.00
936.00
936.00
937.00
937.00
938.00
938.00
938.00
938.00
938.00
940.00
941.00
940.00
939.00
938.00
938.00
938.00
937.00
937.00
936.00
936.00
936.00
936.00
936.00
934.00
933.00
934.00
935.00
936.00
936.00
936.00
937.00
938.00
938.00
938.00
939.00
939.00
937.00
940.00
940.00
940.00
939.00
939.00
938.00
938.00
937.00
937.00
936.00
936.00
936.00
936.00
935.00
933.00
934.00
934.00
935.00
934.00
936.00
936.00
937.00
937.00
938.00
938.00
938.00
938.00
938.00
940.00
940.00
940.00
940.00
939.00
938.00
938.00
937.00
937.00
937.00
936.00
936.00
935.00
935.00
935.00
934.00
934.00
934.00
934.00
936.00
935.00
936.00
936.00
937.00
937.00
937.00
938.00
938.00
938.00
940.00
940.00
940.00
939.00
938.00
938.00
938.00
937.00
937.00
936.00
936.00
935.00
936.00
935.00
933.00
934.00
934.00
935.00
936.00
935.00


-----------------------------
---PROMEDIO del 3er Rango ---
-----------------------------
 Números totales: 	 370 
 Suma de números: 	 346660 
 Valor promedio: 	 936.918918919 