
Pagina Obtener Promedio ->https://miniwebtool.com/es/average-calculator/

======================================
== MEDICIONES SENSOR FALLO-CONEXION ==
======================================

(Calcularemos los promedios de las mediciones realizadas distribuidas 
en 3 rangos para saber el valor casi exacto de la medición que toma
el sensor cuando se produce la desconexion del cable positivo, se
considera un fallo de conexion.

* Cada una de las Mediciones se tomaron cada 200 milisegundos
* Las Mediciones se tomaron a Temperatura Ambiente (Aprox. 25°C)
* El sensor estaba adherido a la pared del recipiente y de forma vertical

-----------------------------
-- 1ER RANGO DE MEDICIONES --
-----------------------------
242.00
244.00
243.00
241.00
241.00
244.00
240.00
242.00
242.00
3.00
3.00
3.00
3.00
3.00
3.00
3.00
3.00
3.00
3.00
3.00
3.00
3.00
3.00
3.00
4.00
3.00
3.00
3.00
3.00
3.00
3.00
3.00
3.00
3.00
3.00
3.00
3.00
3.00
3.00
3.00
3.00
3.00
3.00
3.00
3.00
4.00
4.00
3.00
3.00
3.00
3.00
3.00
3.00
3.00
3.00
3.00
3.00
3.00
3.00
3.00
3.00
3.00
3.00
3.00
3.00
3.00
3.00
3.00
3.00
3.00
3.00
3.00
3.00
3.00
3.00
3.00
3.00
3.00
3.00
3.00
3.00
3.00
3.00
3.00
3.00
3.00
3.00
3.00
3.00
4.00
3.00
3.00
3.00
3.00
4.00
3.00
4.00
3.00
3.00
3.00
3.00
3.00
3.00
3.00
3.00
3.00
3.00
3.00
3.00
4.00
3.00
3.00
3.00
3.00
3.00
3.00
3.00
3.00
3.00
3.00
3.00
3.00
3.00
3.00
3.00
3.00
3.00
3.00
3.00
3.00
3.00
3.00
3.00
4.00
3.00
3.00
3.00
3.00
3.00
3.00
2.00
3.00
3.00
3.00
3.00
3.00
3.00
3.00
4.00
3.00
3.00
3.00
3.00
3.00
3.00
3.00
3.00
3.00
3.00
3.00
3.00
3.00
3.00
3.00
3.00
3.00
3.00
3.00
3.00
3.00
4.00
3.00
3.00
3.00
3.00
3.00
3.00
3.00
3.00
3.00
3.00
3.00
3.00
2.00
3.00
3.00
3.00
3.00
3.00
3.00
3.00
3.00
3.00
3.00
3.00
3.00
3.00
3.00
3.00
3.00
3.00
4.00
3.00
3.00
3.00
3.00
3.00
3.00
3.00
2.00
3.00
3.00
3.00
3.00
3.00
3.00
3.00
3.00
3.00
3.00
3.00
3.00
3.00
4.00
3.00
3.00
3.00
3.00
3.00
3.00
3.00
3.00
3.00
3.00
3.00
3.00
3.00
3.00
3.00
3.00
3.00
3.00
3.00
3.00
3.00
3.00
3.00
3.00
3.00
3.00
3.00
3.00
3.00
3.00
3.00
4.00
4.00
3.00
3.00
3.00
3.00
3.00
3.00
3.00
3.00
4.00
3.00
3.00
3.00
3.00
3.00
4.00
3.00
3.00
3.00
3.00
3.00
3.00
3.00
3.00
3.00
3.00
3.00
4.00
3.00
3.00
3.00
3.00
3.00
3.00
3.00
3.00
4.00
3.00
3.00
3.00
3.00
3.00
3.00
4.00
3.00
3.00
3.00
4.00
3.00
2.00
3.00
3.00
3.00
3.00
3.00
3.00
3.00
4.00
3.00
3.00
3.00
3.00
3.00
3.00
3.00
3.00
3.00
3.00
4.00
3.00
3.00
3.00
3.00
3.00
3.00
3.00
3.00
3.00
3.00
3.00
3.00
3.00
3.00
3.00
3.00
3.00
3.00
3.00
4.00
3.00
3.00
3.00
4.00
3.00
3.00
3.00
4.00
3.00
4.00
3.00
3.00
3.00
3.00
3.00
4.00
3.00
4.00
3.00
3.00
3.00
3.00
3.00
3.00
4.00
3.00
3.00
3.00
3.00
3.00
3.00
3.00
3.00
3.00
3.00
3.00
3.00
3.00
3.00
3.00
3.00
3.00
2.00
3.00
3.00
3.00
3.00
3.00
3.00
3.00
4.00
3.00
3.00
3.00
3.00
4.00
4.00
3.00
3.00
3.00
3.00
3.00
3.00
3.00
3.00
3.00
3.00
3.00
3.00
3.00
3.00
3.00
3.00
3.00
3.00
3.00
3.00
4.00
3.00
3.00
3.00
3.00
4.00
3.00
3.00
3.00
3.00
3.00
3.00
3.00
3.00
3.00
3.00
3.00
3.00
2.00
3.00
3.00
3.00
3.00
3.00
3.00
3.00
3.00
3.00
3.00
3.00
3.00
3.00
3.00
3.00
3.00
3.00
3.00
3.00
3.00
3.00
3.00
2.00
3.00
3.00
3.00
2.00
3.00
3.00
3.00
3.00
3.00
3.00
3.00
3.00
3.00
2.00
3.00
3.00




-----------------------------
---PROMEDIO DEL PRIMER RANGO ---
-----------------------------
 Números totales: 	 480 
 Suma de números: 	 3617 
 Valor promedio: 	 7.53541666667 




-----------------------------
-- 2DO RANGO DE MEDICIONES --
-----------------------------
3.00
3.00
3.00
3.00
3.00
3.00
3.00
3.00
4.00
3.00
3.00
3.00
3.00
3.00
3.00
3.00
3.00
3.00
3.00
3.00
4.00
3.00
3.00
3.00
4.00
3.00
4.00
3.00
3.00
3.00
3.00
3.00
3.00
3.00
3.00
3.00
3.00
3.00
3.00
3.00
3.00
3.00
3.00
2.00
4.00
3.00
3.00
3.00
3.00
3.00
3.00
3.00
3.00
3.00
4.00
3.00
3.00
3.00
4.00
3.00
3.00
3.00
3.00
3.00
3.00
3.00
3.00
3.00
3.00
3.00
3.00
3.00
3.00
3.00
3.00
3.00
3.00
3.00
3.00
3.00
3.00
3.00
4.00
3.00
3.00
3.00
3.00
3.00
3.00
3.00
4.00
3.00
3.00
3.00
3.00
3.00
3.00
3.00
3.00
3.00
3.00
3.00
3.00
3.00
4.00
3.00
3.00
3.00
3.00
3.00
3.00
3.00
3.00
3.00
3.00
3.00
4.00
3.00
3.00
3.00
3.00
3.00
4.00
3.00
3.00
3.00
3.00
3.00
3.00
3.00
3.00
3.00
3.00
3.00
3.00
3.00
3.00
3.00
3.00
3.00
3.00
3.00
4.00
3.00
3.00
3.00
3.00
3.00
3.00
4.00
3.00
4.00
3.00
3.00
3.00
3.00
3.00
3.00
3.00
3.00
3.00
3.00
3.00
3.00
3.00
3.00
3.00
3.00
3.00
3.00
3.00
3.00
3.00
3.00
3.00
3.00
3.00
3.00
3.00
3.00
3.00
3.00
3.00
3.00
3.00
3.00
3.00
3.00
3.00
3.00
3.00
3.00
3.00
3.00
3.00
3.00
3.00
3.00
3.00
3.00
3.00
3.00
3.00
3.00
3.00
3.00
3.00
4.00
3.00
3.00
3.00
3.00
3.00
3.00
3.00
4.00
4.00
3.00
4.00
3.00
3.00
3.00
3.00
3.00
3.00
3.00
4.00
3.00
3.00
3.00
3.00
3.00
3.00
3.00
3.00
3.00
3.00
3.00
3.00
4.00
3.00
3.00
3.00
3.00
3.00
4.00
3.00
3.00




-----------------------------
---PROMEDIO DEL SEGUNDO RANGO ---
-----------------------------
 Números totales: 	 248 
 Suma de números: 	 765 
 Valor promedio: 	 3.08467741935 



-----------------------------
-- 3ER RANGO DE MEDICIONES --
-----------------------------
3.00
3.00
4.00
3.00
3.00
3.00
4.00
3.00
3.00
3.00
3.00
3.00
3.00
3.00
3.00
3.00
3.00
3.00
3.00
4.00
3.00
3.00
3.00
3.00
4.00
3.00
3.00
3.00
3.00
3.00
3.00
4.00
3.00
4.00
3.00
3.00
3.00
3.00
3.00
3.00
3.00
4.00
3.00
2.00
3.00
3.00
3.00
4.00
3.00
4.00
3.00
3.00
3.00
3.00
3.00
4.00
3.00
3.00
3.00
3.00
3.00
3.00
3.00
3.00
3.00
3.00
3.00
3.00
2.00
3.00
3.00
3.00
3.00
3.00
3.00
3.00
2.00
3.00
3.00
3.00
3.00
3.00
3.00
3.00
3.00
3.00
3.00
4.00
3.00
3.00
3.00
3.00
3.00
4.00
3.00
3.00
3.00
3.00
3.00
4.00
4.00
3.00
3.00
3.00
4.00
3.00
3.00
4.00
3.00
3.00
3.00
3.00
3.00
3.00
3.00
3.00
3.00
3.00
3.00
3.00
3.00
3.00
3.00
3.00
3.00
2.00
3.00
3.00
3.00
3.00
3.00
3.00
3.00
3.00
3.00
3.00
3.00
3.00
3.00
3.00
3.00
3.00
3.00
3.00
3.00
3.00
3.00
3.00
3.00
3.00
3.00
2.00
3.00
3.00
3.00
3.00
4.00
3.00
3.00
3.00
3.00
3.00
3.00
3.00
3.00
3.00
3.00
3.00
4.00
3.00
3.00
3.00
3.00
3.00
2.00
4.00
3.00
3.00
3.00
3.00
3.00
3.00
3.00
3.00
3.00
3.00
3.00
4.00
3.00



-----------------------------
---PROMEDIO DEL TERCER RANGO ---
-----------------------------
 Números totales: 	 189 
 Suma de números: 	 581 
 Valor promedio: 	 3.07407407407 