
Pagina Obtener Promedio ->https://miniwebtool.com/es/average-calculator/

======================================
== MEDICIONES SENSOR SEMI-SUMERGIDO ==
======================================

(Calcularemos los promedios de las mediciones realizadas distribuidas 
en 3 rangos para saber el valor casi exacto de la medición que toma
el sensor Semi sumergido(50% Sumergido)).

* Cada una de las Mediciones se tomaron cada 200 milisegundos
* Las Mediciones se tomáron a Temperatura Ambiente (Aprox. 25°C)
* El sensor estaba adherido a la pared del recipiente y de forma vertical

-----------------------------
-- 1ER RANGO DE MEDICIONES --
-----------------------------
161.00
198.00
265.00
320.00
263.00
257.00
278.00
338.00
285.00
273.00
267.00
268.00
264.00
267.00
281.00
288.00
294.00
299.00
298.00
307.00
311.00
308.00
307.00
305.00
317.00
357.00
356.00
357.00
354.00
351.00
350.00
350.00
350.00
352.00
351.00
351.00
352.00
352.00
354.00
354.00
355.00
355.00
356.00
357.00
356.00
359.00
359.00
357.00
359.00
358.00
357.00
361.00
362.00
361.00
362.00
362.00
360.00
360.00
361.00
359.00
362.00
362.00
361.00
363.00
365.00
367.00
369.00
371.00
370.00
370.00
369.00
369.00
370.00
369.00
370.00
370.00
369.00
369.00
369.00
370.00
371.00
370.00
369.00
371.00
370.00
370.00
370.00
369.00
367.00
369.00
368.00
368.00
372.00
374.00
375.00
377.00
375.00
376.00
375.00
375.00
375.00
373.00
374.00
374.00
373.00
374.00
373.00
375.00
376.00
374.00
376.00
375.00
373.00
374.00
375.00
375.00
374.00
374.00
374.00
374.00
375.00
374.00
374.00
373.00
373.00
374.00
374.00
373.00
375.00
374.00
373.00
373.00
373.00
372.00
373.00
372.00
373.00
373.00
371.00
373.00
372.00
371.00
373.00
374.00
373.00
375.00
374.00
372.00
374.00
373.00
372.00
374.00
375.00
375.00
375.00
376.00
373.00
374.00
374.00
373.00
373.00
373.00
373.00
373.00
374.00
374.00
374.00
374.00
373.00
374.00
374.00
374.00
374.00
373.00
373.00
373.00
374.00
374.00
374.00
373.00
374.00
374.00
374.00
376.00
376.00
374.00
376.00
376.00
373.00
375.00
375.00
373.00
374.00
374.00
374.00
375.00
374.00
373.00
374.00
374.00
374.00
375.00
375.00
376.00
376.00
376.00
376.00
375.00
375.00
377.00
376.00
376.00
376.00
377.00
377.00
376.00
376.00
376.00
376.00
376.00
376.00
376.00
376.00
376.00
377.00
377.00
375.00
376.00
376.00
374.00
377.00
378.00
376.00
377.00
378.00
375.00
378.00
378.00
379.00
380.00
379.00
377.00
380.00
380.00
379.00
380.00
381.00
380.00
381.00
382.00
380.00
380.00
382.00
382.00
381.00
380.00
381.00
382.00
378.00
363.00
385.00
368.00
355.00
361.00
348.00
390.00
416.00
376.00
380.00
407.00
429.00
431.00
410.00
394.00
394.00
386.00
391.00
403.00
401.00
401.00
415.00
425.00
424.00
426.00
437.00
436.00
434.00
433.00
440.00
438.00
436.00
433.00
432.00
428.00
427.00
429.00
427.00
421.00
417.00
419.00
413.00
409.00
416.00
421.00
413.00
434.00
399.00
367.00
372.00
360.00
356.00
348.00
345.00
343.00
345.00
359.00
385.00
395.00
354.00
310.00
345.00
336.00
336.00
307.00
296.00
294.00
293.00
296.00
294.00
292.00
292.00
294.00
299.00
301.00
309.00
320.00
322.00
333.00
338.00
333.00
332.00
329.00
327.00
329.00
331.00
330.00
331.00
335.00
332.00
328.00
327.00
327.00
325.00
326.00
329.00
385.00
408.00
366.00
344.00
352.00
354.00
350.00
364.00
377.00
371.00
366.00
365.00
363.00
362.00
360.00
359.00
358.00
356.00
354.00
355.00
354.00
354.00
353.00
353.00
355.00
354.00
353.00
353.00
351.00
351.00
351.00
349.00
349.00
348.00
347.00
348.00
348.00
349.00
349.00
349.00
351.00
349.00
349.00
348.00
347.00
348.00
347.00
346.00
346.00
345.00
344.00
345.00
345.00
343.00
344.00
344.00
344.00
345.00
342.00
342.00
342.00
342.00
342.00
342.00
342.00
341.00
340.00
341.00
340.00
340.00
342.00
341.00
340.00
344.00
343.00
340.00
341.00
342.00
341.00
341.00
342.00
341.00
342.00
343.00
342.00
343.00
344.00
343.00
342.00
341.00
342.00
342.00
344.00
347.00
355.00
355.00
358.00
352.00
352.00
353.00
352.00
351.00
351.00
349.00
351.00
350.00
350.00
350.00
346.00
347.00
343.00
341.00
341.00
343.00
342.00
341.00
340.00
340.00
339.00
338.00
338.00
336.00
336.00
336.00
336.00
338.00
341.00
341.00
341.00
341.00
340.00
342.00
344.00
344.00
344.00
345.00
348.00
385.00
378.00
375.00
370.00
367.00
364.00
365.00
444.00
449.00
447.00
447.00
448.00
448.00
432.00
398.00
378.00
369.00
380.00
389.00
388.00
400.00
397.00
446.00
444.00
509.00
500.00
463.00
443.00
431.00
435.00
556.00


-----------------------------
---PROMEDIO del 1er Rango ---
-----------------------------
 Números totales: 	 523 
 Suma de números: 	 190099 
 Valor promedio: 	 363.478011472





-----------------------------
-- 2do RANGO DE MEDICIONES --
-----------------------------

390.00
390.00
390.00
390.00
389.00
391.00
390.00
392.00
392.00
390.00
389.00
391.00
391.00
390.00
390.00
390.00
391.00
390.00
391.00
390.00
391.00
390.00
391.00
391.00
393.00
392.00
392.00
390.00
389.00
389.00
389.00
391.00
390.00
392.00
390.00
390.00
391.00
391.00
390.00
390.00
388.00
388.00
388.00
390.00
389.00
389.00
390.00
389.00
388.00
390.00
388.00
389.00
388.00
390.00
391.00
389.00
390.00
389.00
389.00
389.00
389.00
387.00
388.00
388.00
387.00
389.00
389.00
388.00
389.00
388.00
387.00
387.00
389.00
389.00
389.00
389.00
388.00
389.00
388.00
389.00
389.00
389.00
390.00
389.00
388.00
388.00
389.00
388.00
388.00
387.00
386.00
386.00
387.00
388.00
386.00
386.00
385.00
386.00
386.00
386.00
387.00
387.00
384.00
386.00
385.00
383.00
387.00
386.00
386.00
387.00
388.00
387.00
388.00
386.00
386.00
387.00
386.00
385.00
387.00
388.00
387.00
385.00
388.00
388.00
388.00
387.00
387.00
387.00
386.00
386.00
386.00
385.00
386.00
386.00
386.00
387.00
387.00
386.00
385.00
385.00
384.00
384.00
386.00
386.00
386.00
385.00
385.00
386.00
386.00
384.00
385.00
384.00
384.00
385.00
384.00
383.00
384.00
384.00
383.00
385.00
384.00
383.00
383.00
383.00
383.00
385.00
386.00
385.00
385.00
385.00
385.00
386.00
384.00
386.00
386.00
386.00
386.00
385.00
384.00
386.00
386.00
385.00
384.00
384.00
384.00
384.00
385.00
382.00
384.00
384.00
384.00
385.00
382.00
383.00
384.00
384.00
386.00
384.00
384.00
384.00
382.00
382.00
383.00
383.00
382.00
382.00
384.00
384.00
385.00
384.00
385.00
383.00
383.00
383.00
384.00
382.00
383.00
383.00
383.00
383.00
382.00
382.00
381.00
381.00
382.00
385.00
383.00
383.00
381.00
383.00
382.00
382.00
382.00
383.00
382.00
383.00
382.00
380.00
382.00
382.00
382.00
383.00
382.00
381.00
382.00
382.00
381.00
382.00
383.00
381.00
384.00
383.00
383.00
383.00
382.00
381.00
381.00
382.00
381.00
381.00
383.00
383.00
382.00
381.00
381.00
382.00
383.00
381.00
382.00
383.00
383.00
382.00
383.00
382.00
382.00
383.00
383.00
382.00
381.00
382.00
384.00
381.00
382.00
383.00
381.00
380.00
382.00
381.00
382.00
383.00
381.00
382.00
383.00
381.00
382.00
382.00
382.00
382.00
383.00
381.00
382.00
381.00
381.00
381.00
381.00
381.00
381.00
382.00
382.00
382.00
381.00
381.00
380.00
380.00
381.00
381.00
380.00
380.00
381.00
380.00
380.00
379.00
378.00
383.00
382.00
380.00
380.00
380.00
380.00
380.00
380.00
379.00
380.00
381.00
380.00
380.00
382.00
379.00
380.00
379.00
378.00
379.00
379.00
378.00
379.00
379.00
379.00
380.00
379.00
378.00
378.00
379.00
380.00
378.00
380.00
379.00
379.00
377.00
380.00
379.00
379.00
378.00
379.00
378.00
378.00
378.00
376.00
378.00
378.00
377.00
377.00
378.00
376.00
378.00
379.00
376.00
378.00
376.00
377.00
378.00
377.00
377.00
376.00
377.00
379.00
378.00
378.00
377.00
375.00
375.00
377.00
376.00
376.00
377.00
378.00
377.00
376.00
376.00
377.00
376.00
376.00
377.00
376.00
376.00
376.00
377.00
376.00
377.00
377.00
376.00
378.00
376.00
377.00
376.00
377.00
376.00
376.00
377.00
376.00
375.00
376.00
375.00
376.00
378.00
376.00
378.00
376.00
376.00
378.00
378.00
377.00
377.00
377.00
376.00
376.00
376.00
377.00
376.00
376.00
377.00
377.00
377.00
378.00
376.00
375.00
375.00
375.00
375.00
376.00
375.00
374.00
375.00
376.00
376.00
376.00
375.00
375.00
375.00
375.00
377.00
375.00
377.00
376.00
376.00
375.00
375.00
375.00
374.00
375.00
375.00
376.00
376.00
374.00
376.00
375.00
374.00
374.00
374.00
375.00
375.00
375.00
376.00
376.00
374.00
374.00
373.00
374.00
373.00
374.00
375.00
374.00
374.00
374.00
376.00
374.00
374.00
374.00
374.00
372.00
373.00
373.00
373.00
374.00
373.00
373.00
373.00
373.00
373.00
374.00
373.00
373.00
373.00
372.00
373.00
373.00
374.00
374.00
373.00
373.00
373.00
372.00
373.00
374.00
372.00
372.00
374.00
374.00
373.00
373.00
373.00
374.00
373.00
375.00
374.00
373.00
374.00
373.00
373.00
373.00
372.00
372.00
374.00
373.00
372.00
373.00
374.00
375.00
374.00
374.00
374.00
373.00
374.00
373.00
374.00
374.00
374.00
375.00
374.00
374.00
373.00
373.00
374.00
373.00
372.00
374.00
376.00
375.00
375.00
375.00
375.00
373.00
374.00
376.00
374.00
374.00
374.00
375.00
374.00
373.00
374.00
373.00
374.00
374.00
372.00
373.00
374.00
372.00
373.00
373.00
372.00
374.00
373.00
373.00
374.00
373.00
373.00
373.00
373.00
373.00
373.00
373.00
372.00
373.00
373.00
373.00
372.00
373.00
372.00
373.00
373.00
374.00
373.00
373.00
373.00
374.00
372.00
372.00
371.00
370.00
372.00
372.00
370.00
372.00
371.00
371.00
371.00
372.00
371.00
371.00
371.00
369.00
371.00
372.00
370.00
371.00
371.00
371.00
371.00
371.00
372.00
370.00
371.00
371.00
371.00
372.00
372.00
373.00
372.00
373.00
372.00
372.00
371.00
371.00
372.00
373.00
371.00
371.00
372.00
372.00
372.00
372.00
371.00
372.00
371.00
370.00
372.00
373.00
373.00
372.00
373.00
372.00
371.00
372.00
371.00
372.00
371.00
372.00
371.00
372.00
372.00
373.00
373.00
373.00
373.00
372.00
373.00
373.00
372.00
373.00
374.00
373.00
373.00
372.00
373.00
375.00
374.00
373.00
374.00
374.00
373.00
374.00
374.00
373.00
374.00
373.00
374.00
375.00
372.00
372.00
372.00
372.00
373.00
373.00
373.00
373.00
372.00
371.00
371.00
371.00
371.00
372.00
372.00
372.00
372.00
371.00
371.00
371.00
371.00
371.00
370.00
371.00
370.00
371.00
370.00
371.00
371.00
370.00
369.00
369.00
370.00
369.00
369.00
368.00
369.00
369.00
369.00

-----------------------------
---PROMEDIO DEL 2DO RANGO ---
-----------------------------
 Números totales: 	 746 
 Suma de números: 	 282739 
 Valor promedio: 	 379.006702413 

















-----------------------------
-- 3ER RANGO DE MEDICIONES --
-----------------------------
367.00
367.00
365.00
364.00
365.00
365.00
364.00
363.00
362.00
362.00
362.00
362.00
361.00
360.00
360.00
360.00
360.00
360.00
359.00
358.00
359.00
357.00
358.00
359.00
359.00
358.00
358.00
358.00
358.00
356.00
358.00
357.00
357.00
356.00
356.00
356.00
356.00
356.00
356.00
355.00
355.00
356.00
357.00
355.00
356.00
356.00
355.00
356.00
355.00
354.00
356.00
355.00
354.00
355.00
354.00
354.00
354.00
354.00
353.00
354.00
353.00
353.00
353.00
353.00
353.00
352.00
352.00
352.00
353.00
352.00
352.00
352.00
352.00
352.00
352.00
351.00
351.00
351.00
351.00
350.00
350.00
349.00
350.00
350.00
348.00
350.00
349.00
348.00
349.00
349.00
348.00
348.00
349.00
347.00
348.00
348.00
347.00
348.00
349.00
347.00
348.00
348.00
347.00
348.00
348.00
348.00
348.00
348.00
347.00
347.00
347.00
348.00
347.00
347.00
346.00
346.00
345.00
345.00
345.00
345.00
345.00
345.00
344.00
344.00
345.00
344.00
345.00
345.00
345.00
344.00
343.00
344.00
345.00
345.00
344.00
344.00
345.00
344.00
343.00
342.00
342.00
343.00
343.00
342.00
343.00
343.00
343.00
343.00
344.00
343.00
343.00
342.00
342.00
342.00
342.00
342.00
342.00
344.00
342.00
342.00
342.00
341.00
341.00
341.00
341.00
341.00
341.00
342.00
341.00
341.00
341.00
341.00
341.00
341.00
341.00
342.00
341.00
341.00
341.00
339.00
341.00
340.00
340.00
340.00
340.00
341.00
341.00
342.00
342.00
340.00
341.00
342.00
343.00
342.00
341.00
341.00
342.00
342.00
341.00
340.00
340.00
341.00
340.00
341.00
341.00
340.00
341.00
341.00
340.00
341.00
340.00
339.00
340.00
340.00
339.00
340.00
340.00
339.00
340.00
339.00
339.00
340.00
340.00
341.00
341.00
341.00
341.00
341.00
340.00
340.00
340.00
339.00
339.00
339.00
338.00
339.00
339.00
339.00
340.00
340.00
339.00
339.00
339.00
339.00
339.00
339.00
340.00
340.00
339.00
340.00
339.00
339.00
339.00
339.00
339.00
339.00
340.00
339.00
340.00
339.00
339.00
340.00
340.00
340.00
340.00
339.00
339.00
339.00
338.00
338.00
339.00
338.00
339.00
339.00
338.00
340.00
339.00
338.00
339.00
338.00
338.00
339.00
339.00
338.00
338.00
339.00
337.00
338.00
339.00
337.00
338.00
337.00
338.00
339.00
339.00
339.00
339.00
339.00
339.00
339.00
338.00
338.00
339.00
338.00
339.00
339.00
338.00
339.00
338.00
339.00
338.00
338.00
338.00
339.00
339.00
339.00
338.00
339.00
337.00
338.00
338.00
337.00
338.00
338.00
336.00
338.00
338.00
337.00
338.00
338.00
336.00
338.00
339.00
336.00
337.00
337.00
337.00
338.00
339.00
338.00
338.00
338.00
338.00
338.00
338.00
337.00
338.00
338.00
338.00
338.00
337.00
337.00
338.00
337.00
338.00
338.00
337.00
337.00
337.00
337.00
337.00
338.00
337.00
338.00
338.00
336.00
337.00
337.00
336.00
337.00
337.00
337.00
337.00
338.00
336.00
337.00
337.00
337.00
338.00
338.00
338.00
337.00
337.00
337.00
337.00
338.00
338.00
337.00
337.00
338.00
338.00
337.00
337.00
336.00
336.00
336.00
336.00
336.00
336.00
337.00
337.00
337.00
337.00
336.00
336.00
336.00
336.00
337.00
336.00
336.00
337.00
337.00
337.00
336.00
336.00
337.00
336.00
336.00
336.00
338.00
336.00
337.00
337.00
337.00
337.00
338.00
337.00
336.00
336.00
337.00
337.00
338.00
336.00
337.00
336.00
336.00
336.00
337.00
336.00
336.00
335.00
335.00
336.00
336.00
338.00
336.00
336.00
336.00
337.00
337.00
336.00
337.00
336.00
336.00
336.00
336.00
336.00
336.00
336.00
336.00
336.00
336.00
335.00
336.00
336.00
337.00
336.00
336.00
336.00
337.00
336.00
336.00
336.00
335.00
335.00
336.00
336.00
336.00
336.00
336.00
336.00
336.00
336.00
337.00
336.00
337.00
337.00
335.00
337.00
337.00
336.00
337.00
337.00
336.00
337.00
337.00
336.00
336.00
337.00
336.00
337.00
337.00
336.00
336.00
337.00
335.00
336.00
336.00
337.00
337.00
337.00
336.00
336.00
336.00
336.00
336.00
336.00
337.00
337.00
337.00
337.00
337.00
336.00
337.00
336.00
336.00
337.00
337.00
336.00
336.00
335.00
334.00
336.00
336.00
334.00
337.00
337.00
335.00
337.00
337.00
335.00
337.00
336.00
335.00
336.00
337.00
336.00
336.00
336.00
336.00
335.00
336.00
335.00
336.00
335.00
336.00
335.00
336.00
335.00
336.00
336.00
336.00
336.00
335.00
336.00
336.00
334.00
336.00
337.00
334.00
336.00
336.00
334.00
336.00
336.00
335.00
336.00
335.00
335.00
336.00
336.00
335.00
335.00
336.00
335.00
336.00
336.00
335.00
336.00
336.00
336.00
336.00
337.00
337.00
336.00
336.00
336.00
336.00
336.00
336.00
336.00
336.00
336.00
336.00
336.00
335.00
336.00
335.00
336.00
336.00
335.00
335.00
335.00
335.00
336.00
336.00
335.00
336.00
336.00
335.00
335.00
335.00
335.00
336.00
336.00
335.00
335.00
336.00
335.00
336.00
336.00
336.00
337.00
337.00
336.00
336.00
335.00
336.00
336.00
336.00
336.00
336.00
335.00
336.00
336.00
336.00
336.00
336.00
336.00
336.00
336.00
335.00
335.00
336.00
334.00
335.00
335.00
334.00
335.00
335.00
333.00
335.00
335.00
334.00
336.00
336.00
334.00
335.00
335.00
335.00
336.00
335.00
335.00
335.00
336.00
336.00
335.00
336.00
335.00
335.00
336.00
336.00
335.00
334.00
335.00
335.00
334.00
336.00
336.00
335.00
334.00
334.00
334.00
334.00
334.00
334.00
334.00
335.00
334.00
334.00
335.00
334.00
335.00
334.00
335.00
334.00
334.00
335.00
335.00
334.00
335.00
335.00
333.00
334.00
335.00
333.00
334.00
334.00
333.00
333.00
334.00
334.00
333.00
333.00
334.00
333.00
334.00
335.00
333.00
334.00
335.00
333.00
333.00
335.00
333.00
334.00
334.00
333.00
333.00
333.00
332.00
334.00
334.00
333.00
334.00
334.00
333.00
334.00
334.00
333.00
332.00
333.00
334.00
333.00
333.00
334.00
334.00
333.00
331.00
334.00
334.00
333.00
333.00
333.00
333.00
333.00
333.00
332.00
332.00
332.00
333.00
333.00
332.00
333.00
333.00
333.00
332.00
333.00
333.00
332.00
332.00
332.00
331.00
331.00
332.00
333.00
332.00
332.00
333.00
332.00
332.00
332.00
331.00
331.00
333.00
332.00
332.00
332.00
332.00
332.00
333.00
332.00
331.00
332.00
331.00
333.00
333.00
331.00
332.00
332.00
332.00
333.00
332.00
331.00
331.00
331.00
330.00
331.00
331.00
331.00
332.00
332.00
332.00
332.00
331.00



-----------------------------
---PROMEDIO DEL 3ER RANGO ---
-----------------------------
 Números totales: 	 825 
 Suma de números: 	 279868 
 Valor promedio: 	 339.233939394 