
Pagina Obtener Promedio ->https://miniwebtool.com/es/average-calculator/

======================================
== MEDICIONES SENSOR FALLO-CONEXION ==
======================================

(Calcularemos los promedios de las mediciones realizadas distribuidas 
en 3 rangos para saber el valor casi exacto de la medición que toma
el sensor cuando se produce la desconexion del cable negativo, se
considera un fallo de conexion.

* Cada una de las Mediciones se tomaron cada 200 milisegundos
* Las Mediciones se tomaron a Temperatura Ambiente (Aprox. 25°C)
* El sensor estaba adherido a la pared del recipiente y de forma vertical

-----------------------------
-- 1ER RANGO DE MEDICIONES --
-----------------------------
103.00
1023.00
1023.00
1023.00
1023.00
1023.00
1023.00
1023.00
992.00
44.00
869.00
871.00
871.00
886.00
913.00
957.00
1010.00
1023.00
1023.00
1023.00
1023.00
1023.00
1023.00
1023.00
1023.00
1023.00
1023.00
1023.00
1023.00
1022.00
970.00
920.00
869.00
854.00
853.00
853.00
847.00
849.00
850.00
851.00
861.00
870.00
874.00
883.00
906.00
945.00
996.00
1023.00
1023.00
1023.00
1023.00
1023.00
1023.00
1023.00
1023.00
1023.00
1023.00
1023.00
1023.00
1023.00
1005.00
951.00
901.00
858.00
853.00
853.00
849.00
850.00
849.00
849.00
851.00
865.00
857.00
870.00
880.00
900.00
938.00
984.00
1023.00
1023.00
1023.00
1023.00
1023.00
1023.00
1023.00
1023.00
1023.00
1023.00
1023.00
1023.00
1023.00
1023.00
1004.00
953.00
905.00
860.00
853.00
852.00
847.00
846.00
845.00
850.00
848.00
861.00
859.00
868.00
890.00
918.00
965.00
1021.00
1023.00
1023.00
1023.00
1023.00
1023.00
1023.00
1023.00
1023.00
1023.00
1023.00
1023.00
1023.00
966.00
909.00
857.00
854.00
854.00
850.00
850.00
853.00
853.00
855.00
857.00
861.00
882.00
911.00
960.00
1022.00
1023.00
1023.00
1023.00
1023.00
1023.00
1023.00
1023.00
1023.00
1023.00
1023.00
1023.00
1014.00
950.00
890.00
854.00
854.00
852.00
851.00
852.00
849.00
854.00
861.00
873.00
870.00
893.00
930.00
987.00
1023.00
1023.00
1023.00
1023.00
1023.00
1023.00
1023.00
1023.00
1023.00
1023.00
1023.00
1023.00
993.00
932.00
876.00
854.00
854.00
854.00
846.00
847.00
851.00
848.00
871.00
874.00
873.00
892.00
924.00
976.00
1023.00
1023.00
1023.00
1023.00
1023.00
1023.00
1023.00
1023.00
1023.00
1023.00
1023.00
1023.00
1022.00
966.00
912.00
863.00
854.00
853.00
849.00
849.00
850.00
848.00
856.00
863.00
868.00
882.00
911.00
958.00
1016.00
1023.00
1023.00
1023.00
1023.00
1023.00
1023.00
1023.00
1023.00
1023.00
1023.00
1023.00
1005.00
942.00
884.00
855.00
852.00
852.00
844.00
849.00
851.00
853.00
867.00
872.00
875.00
899.00
941.00
995.00
1023.00
1023.00
1023.00
1023.00
1023.00
1023.00
1023.00
1023.00
1023.00
1023.00
1023.00
1023.00
1010.00
951.00
898.00
855.00
854.00
853.00
845.00
848.00
851.00
851.00
858.00
863.00
865.00
875.00
892.00
923.00
969.00
1022.00
1023.00
1023.00
1023.00
1023.00
1023.00
1023.00
1023.00
1023.00
1023.00
1023.00
1023.00
1023.00
1023.00
976.00
925.00
878.00
855.00
852.00
852.00
844.00
849.00
848.00
851.00
854.00
862.00
869.00
874.00
895.00
928.00
975.00
1023.00
1023.00
1023.00
1023.00
1023.00
1023.00
1023.00
1023.00
1023.00
1023.00
1023.00
1023.00
1023.00
971.00
915.00
863.00
855.00
851.00
847.00
844.00
850.00
849.00
857.00
857.00
861.00
883.00
905.00
954.00
1010.00
1023.00
1023.00
1023.00
1023.00
1023.00
1023.00
1023.00
1023.00
1023.00
1023.00
1023.00
1016.00
958.00
900.00
856.00
852.00
853.00
848.00
849.00
850.00
853.00
868.00
871.00
868.00
890.00
922.00
972.00
1023.00
1023.00
1023.00
1023.00
1023.00
1023.00
1023.00
1023.00
1023.00
1023.00
1023.00
1023.00
1017.00
957.00
896.00
856.00
854.00
852.00
843.00
849.00
851.00
851.00
867.00
863.00
868.00
889.00
918.00
970.00
1023.00
1023.00
1023.00
1023.00
1023.00
1023.00
1023.00
1023.00
1023.00
1023.00
1023.00
1023.00
1009.00
944.00
884.00
854.00
853.00
852.00
850.00
845.00
850.00
851.00
855.00
858.00
876.00
894.00
933.00
995.00
1023.00
1023.00
1023.00
1023.00
1023.00
1023.00
1023.00
1023.00
1023.00
1023.00
1015.00
939.00
865.00
852.00
849.00
844.00
848.00
852.00
863.00
872.00
893.00
950.00
1023.00
1023.00
1023.00
1023.00
1023.00
1023.00
1023.00
1023.00
1023.00
970.00
887.00
854.00
852.00
848.00
846.00
860.00
864.00
871.00
908.00
986.00
1023.00
1023.00
1023.00
1023.00
1023.00
1023.00
1023.00
1023.00
1023.00
937.00
858.00
853.00
851.00
847.00
847.00
853.00
861.00
863.00
892.00
946.00
1019.00
1023.00
1023.00
1023.00
1023.00
1023.00
1023.00
1023.00
1023.00
1023.00
977.00
909.00
853.00
852.00
852.00
845.00
851.00
851.00
868.00
864.00
882.00
913.00
971.00
1023.00
1023.00
1023.00
1023.00
1023.00
1023.00
1023.00
1023.00
1023.00
1023.00



-----------------------------
---PROMEDIO DEL PRIMER RANGO ---
-----------------------------
Números totales: 	 516 
 Suma de números: 	 487173 
 Valor promedio: 	 944.13372093 




-----------------------------
-- 2DO RANGO DE MEDICIONES --
-----------------------------
1023.00
1023.00
1023.00
1023.00
973.00
891.00
816.00
810.00
807.00
808.00
812.00
823.00
829.00
832.00
865.00
926.00
1008.00
1023.00
1023.00
1023.00
1023.00
1023.00
1023.00
1023.00
1023.00
1023.00
964.00
883.00
824.00
824.00
821.00
818.00
823.00
831.00
841.00
839.00
873.00
931.00
1013.00
1023.00
1023.00
1023.00
1023.00
1023.00
1023.00
1023.00
1023.00
1023.00
963.00
882.00
830.00
828.00
827.00
824.00
823.00
840.00
843.00
855.00
888.00
953.00
1023.00
1023.00
1023.00
1023.00
1023.00
1023.00
1023.00
1023.00
1023.00
1022.00
940.00
859.00
835.00
831.00
830.00
828.00
833.00
849.00
843.00
865.00
902.00
975.00
1023.00
1023.00
1023.00
1023.00
1023.00
1023.00
1023.00
1023.00
1023.00
1017.00
910.00
835.00
835.00
834.00
826.00
832.00
832.00
841.00
842.00
868.00
922.00
1023.00
1023.00
951.00
921.00
900.00
885.00
858.00
829.00
808.00
785.00
764.00
741.00
718.00
693.00
670.00
648.00
626.00
601.00
578.00
556.00
533.00
511.00
491.00
474.00
451.00
436.00
450.00
1023.00
1023.00
1023.00
1023.00
1023.00
1023.00
1023.00
1013.00
909.00
839.00
840.00
838.00
837.00
827.00
831.00
839.00
840.00
846.00
986.00
967.00
993.00
997.00
981.00
955.00
924.00
898.00
851.00
812.00
794.00
771.00
749.00
726.00
704.00
679.00
656.00
630.00
605.00
582.00
553.00
526.00
500.00
476.00
454.00
433.00
413.00
396.00
380.00
365.00
351.00
338.00
327.00
317.00
307.00
297.00
287.00
276.00
265.00
253.00
242.00
233.00
226.00
218.00
209.00
202.00
194.00
187.00
181.00
177.00
173.00
223.00
223.00
221.00
218.00
223.00
1023.00
1023.00
1023.00
1023.00
1023.00
1023.00
1023.00
992.00
960.00
929.00
892.00
870.00
844.00
825.00
805.00
859.00
889.00
956.00
1023.00
1023.00
1023.00
1023.00
1023.00
1023.00
1023.00
1023.00
1023.00
1023.00
999.00
916.00
844.00
843.00
844.00
837.00
841.00
848.00
856.00
853.00
887.00
946.00
1023.00
1023.00
1023.00
1023.00
1023.00
1023.00
1023.00
1023.00
1023.00
1023.00
952.00
868.00
845.00
844.00
835.00
840.00
839.00
851.00
863.00
869.00
908.00
981.00
1023.00
1023.00
1023.00
1023.00
1023.00
1023.00
1023.00
1023.00
1023.00
1008.00
924.00
848.00
845.00
845.00
837.00
842.00
842.00
860.00
856.00
880.00
925.00
1005.00
1023.00
1023.00
1023.00
1023.00
1023.00
1023.00
1023.00
1023.00
1023.00
976.00
889.00
846.00
844.00
836.00
842.00
839.00
851.00
867.00
872.00
910.00
985.00
1023.00
1023.00
1023.00
1023.00
1023.00
1023.00
1023.00
1023.00
1023.00
960.00
873.00
845.00
842.00
840.00
840.00
842.00
862.00
855.00
884.00
936.00
1018.00
1023.00
1023.00
1023.00
1023.00
1023.00
1023.00
1023.00
1023.00
1023.00
951.00
871.00
844.00
842.00
842.00
838.00
841.00
846.00
864.00
868.00
903.00
971.00
1023.00
1023.00
1023.00
1023.00
1023.00
1023.00
1023.00
1023.00
1023.00
1023.00
973.00
895.00
845.00
844.00
845.00
834.00
842.00
845.00
850.00
865.00
879.00
920.00
991.00
1023.00
1023.00
1023.00
1023.00
1023.00
1023.00
1023.00
1023.00
1023.00
1023.00
950.00
872.00
846.00
846.00
839.00
842.00
841.00
855.00
852.00
867.00
896.00
961.00
1023.00
1023.00
1023.00
1023.00
1023.00
1023.00
1023.00
1023.00
1023.00
1022.00
939.00
857.00
846.00
845.00
838.00
839.00
845.00
851.00
865.00
884.00
932.00
1018.00
1023.00
1023.00
1023.00
1023.00
1023.00
1023.00
1023.00
1023.00
1023.00
963.00
880.00
846.00
846.00
842.00
840.00
845.00
858.00
858.00
864.00
897.00
962.00
1023.00
1023.00
1023.00
1023.00
1023.00
1023.00
1023.00
1023.00
1023.00
1023.00
974.00
896.00
847.00
844.00
846.00
840.00
844.00
843.00
848.00
867.00
878.00
914.00
985.00
1023.00
1023.00
1023.00
1023.00
1023.00
1023.00
1023.00
1023.00
1023.00
1023.00
987.00
911.00
845.00
845.00
844.00
842.00
839.00
842.00
847.00
862.00
858.00
888.00
939.00
1013.00
1023.00
1023.00
1023.00
1023.00
1023.00
1023.00
1023.00
1023.00
1023.00
1023.00
949.00
868.00
845.00
845.00
844.00
839.00
845.00
860.00
861.00
869.00
901.00
968.00
1023.00
1023.00
1023.00
1023.00
1023.00
1023.00
1023.00
1023.00
1023.00
1016.00
928.00
849.00
845.00
845.00
839.00
843.00
843.00
859.00
856.00
883.00
932.00
1015.00
1023.00
1023.00
1023.00
1023.00
1023.00
1023.00
1023.00
1023.00
1023.00
977.00
893.00
847.00
846.00
845.00
838.00
843.00
843.00
849.00
869.00
888.00
939.00
1018.00
1023.00
1023.00
1023.00
1023.00
1023.00
1023.00
1023.00
1023.00
1023.00
996.00
919.00
849.00
845.00
844.00
844.00
839.00
845.00
852.00
864.00
869.00
905.00
971.00
1023.00
1023.00
1023.00
1023.00
1023.00
1023.00
1023.00
1023.00
1023.00
1023.00
984.00
903.00
847.00
846.00
847.00
841.00
843.00
846.00
858.00
866.00
877.00
912.00
980.00
1023.00
1023.00
1023.00
1023.00
1023.00
1023.00
1023.00
1023.00
1023.00
1023.00
968.00
890.00
848.00
845.00
844.00
842.00
843.00
847.00
865.00
852.00
880.00
925.00
997.00
1023.00
1023.00
1023.00
1023.00
1023.00
1023.00
1023.00
1023.00
1023.00
1019.00
941.00
862.00
846.00
844.00
835.00
839.00
842.00
851.00
866.00
875.00
914.00
988.00
1023.00



-----------------------------
---PROMEDIO DEL SEGUNDO RANGO ---
-----------------------------
Números totales: 	 643 
 Suma de números: 	 571708 
 Valor promedio: 	 889.125972006 




-----------------------------
-- 3ER RANGO DE MEDICIONES --
-----------------------------
1023.00
1023.00
1023.00
1023.00
1023.00
1023.00
1023.00
957.00
874.00
848.00
847.00
841.00
843.00
844.00
852.00
860.00
879.00
921.00
1000.00
1023.00
1023.00
1023.00
1023.00
1023.00
1023.00
1023.00
1023.00
1023.00
1002.00
917.00
849.00
848.00
848.00
845.00
847.00
849.00
861.00
859.00
882.00
926.00
998.00
1023.00
1023.00
1023.00
1023.00
1023.00
1023.00
1023.00
1023.00
1023.00
999.00
915.00
850.00
848.00
846.00
842.00
843.00
855.00
856.00
866.00
890.00
947.00
1023.00
1023.00
1023.00
1023.00
1023.00
1023.00
1023.00
1023.00
1023.00
1022.00
933.00
854.00
848.00
848.00
840.00
843.00
854.00
863.00
866.00
898.00
971.00
1023.00
1023.00
1023.00
1023.00
1023.00
1023.00
1023.00
1023.00
1023.00
953.00
861.00
848.00
848.00
839.00
845.00
848.00
855.00
866.00
898.00
972.00
1023.00
1023.00
1023.00
1023.00
1023.00
1023.00
1023.00
1023.00
1023.00
969.00
881.00
850.00
849.00
840.00
844.00
847.00
860.00
868.00
883.00
925.00
1009.00
1023.00
1023.00
1023.00
1023.00
1023.00
1023.00
1023.00
1023.00
1023.00
959.00
878.00
849.00
848.00
839.00
842.00
844.00
857.00
859.00
881.00
922.00
1001.00
1023.00
1023.00
1023.00
1023.00
1023.00
1023.00
1023.00
1023.00
1023.00
960.00
872.00
849.00
849.00
841.00
845.00
847.00
855.00
866.00
883.00
932.00
1020.00
1023.00
1023.00
1023.00
1023.00
1023.00
1023.00
1023.00
1023.00
1023.00
962.00
880.00
849.00
849.00
848.00
845.00
844.00
856.00
857.00
867.00
905.00
977.00
1023.00
1023.00
1023.00
1023.00
1023.00
1023.00
1023.00
1023.00
1023.00
1012.00
924.00
852.00
848.00
848.00
842.00
843.00
850.00
866.00
855.00
887.00
942.00
1023.00
1023.00
1023.00
1023.00
1023.00
1023.00
1023.00
1023.00
1023.00
1023.00
941.00
858.00
850.00
848.00
838.00
840.00
847.00
862.00
868.00
885.00
932.00
1008.00
1023.00
1023.00
1023.00
1023.00
1023.00
1023.00
1023.00
1023.00
1023.00
981.00
899.00
848.00
849.00
849.00
840.00
847.00
848.00
856.00





-----------------------------
---PROMEDIO DEL TERCER RANGO ---
-----------------------------
Números totales: 	 248 
 Suma de números: 	 233713 
 Valor promedio: 	 942.391129032 