

Pagina Obtener Promedio ->https://miniwebtool.com/es/average-calculator/

======================================
== MEDICIONES SENSOR SUMERGIDO =======
======================================


(Calcularemos los promedios de las mediciones realizadas distribuidas 
en 3 rangos para saber el valor casi exacto de la medición que toma
el sensor completamente sumergido(100% Smergido)).


* Cada una de las Mediciones se tomaron cada 200 milisegundos
* Las Mediciones se tomáron a Temperatura Ambiente (Aprox. 25°C)
* El sensor estaba adherido a la pared del recipiente y de forma vertical


-----------------------------
-- 1ER RANGO DE MEDICIONES --
-----------------------------
560.00
559.00
560.00
558.00
558.00
558.00
557.00
556.00
557.00
556.00
555.00
554.00
555.00
555.00
555.00
556.00
555.00
555.00
554.00
554.00
554.00
554.00
554.00
554.00
554.00
554.00
554.00
555.00
555.00
555.00
554.00
554.00
555.00
554.00
555.00
555.00
555.00
555.00
555.00
555.00
555.00
555.00
554.00
555.00
555.00
555.00
556.00
556.00
554.00
555.00
555.00
554.00
555.00
554.00
554.00
553.00
554.00
553.00
553.00
553.00
553.00
553.00
553.00
553.00
553.00
553.00
554.00
553.00
553.00
554.00
553.00
553.00
554.00
553.00
552.00
554.00
554.00
553.00
554.00
554.00
553.00
554.00
554.00
553.00
554.00
553.00
552.00
553.00
553.00
553.00
553.00
554.00
553.00
552.00
553.00
553.00
552.00
552.00
552.00
552.00
552.00
552.00
552.00
552.00
552.00
552.00
552.00
553.00
552.00
552.00
552.00
552.00
551.00
552.00
552.00
551.00
552.00
552.00
551.00
552.00
552.00
552.00
551.00
551.00
551.00
551.00
551.00
550.00
552.00
551.00
550.00
551.00
551.00
550.00
550.00
551.00
550.00
551.00
550.00
550.00
550.00
549.00
550.00
551.00
551.00
552.00
551.00
552.00
552.00
551.00
552.00
552.00
551.00
551.00
551.00
551.00
552.00
552.00
552.00
551.00
551.00
551.00
551.00
550.00
551.00
552.00
550.00
550.00
550.00
549.00
551.00
550.00
550.00
550.00
550.00
550.00
549.00
551.00
550.00
551.00
550.00
551.00
550.00
550.00
551.00
550.00
550.00
550.00
550.00
550.00
550.00
550.00
551.00
550.00
550.00
550.00
550.00
550.00
550.00
551.00
551.00
550.00
550.00
551.00
550.00
551.00
550.00
550.00
549.00
550.00
549.00
550.00
550.00
550.00
549.00
550.00
550.00
550.00
550.00
548.00
550.00
551.00
549.00
549.00
550.00
549.00
550.00
548.00
549.00
549.00
549.00
548.00
549.00
549.00
548.00
549.00
550.00
549.00
550.00
549.00
549.00
549.00
549.00
549.00
549.00
548.00
549.00
549.00
549.00
549.00
548.00
549.00
548.00
549.00
549.00
549.00
549.00
549.00
549.00
549.00
548.00
549.00
549.00
548.00
549.00
549.00
549.00
549.00
549.00
549.00
549.00
548.00
547.00
548.00
548.00
547.00
548.00
547.00
547.00
546.00
547.00
546.00
547.00
547.00
547.00
547.00
547.00
547.00
547.00
547.00
547.00
547.00
546.00
547.00
546.00
546.00
547.00
546.00
546.00
546.00
546.00
544.00
545.00
545.00
545.00
545.00
545.00
544.00
545.00
545.00
544.00
545.00
545.00
545.00
546.00
545.00
544.00
545.00
544.00
544.00
544.00
544.00
543.00
544.00
544.00
543.00
543.00
543.00
543.00
543.00
544.00
543.00
543.00
542.00
543.00
543.00
543.00
542.00
542.00
542.00
542.00
542.00
541.00
541.00
541.00
541.00
542.00
542.00
541.00
541.00
542.00
540.00
541.00
541.00
539.00
541.00
540.00
539.00
540.00
541.00
540.00
540.00
540.00
539.00
540.00
540.00
540.00
540.00
540.00
540.00
540.00
541.00
540.00
540.00
540.00
540.00
540.00
539.00
539.00
540.00
539.00
540.00
539.00
538.00
539.00
539.00
538.00
539.00
540.00
539.00
539.00
539.00
538.00
539.00
539.00
537.00
539.00
538.00
537.00
538.00
537.00
537.00
538.00
537.00
537.00
537.00
536.00
537.00
537.00
537.00
537.00
537.00
537.00
537.00
537.00
537.00
536.00
536.00
536.00
536.00
536.00
536.00
536.00
536.00
536.00
536.00
536.00
535.00
536.00
536.00
535.00
536.00
536.00
535.00
536.00
536.00
535.00
535.00
535.00
534.00
535.00
535.00
534.00
535.00
535.00
534.00
535.00
534.00
535.00
535.00
535.00
534.00
534.00
534.00
534.00
534.00
533.00
533.00
534.00
534.00
533.00
534.00
533.00
534.00
534.00
534.00
535.00
535.00
535.00
534.00
534.00
533.00
535.00
535.00
533.00
534.00
534.00
533.00
534.00
534.00
533.00
534.00
534.00
532.00
533.00
534.00
532.00
533.00
534.00
533.00
534.00
534.00
533.00
533.00
533.00
533.00
533.00
532.00
532.00
533.00
532.00
533.00
532.00
533.00
532.00
532.00
532.00
532.00
532.00
532.00
533.00
533.00
531.00
532.00
533.00
531.00
533.00
532.00
532.00
532.00
532.00
532.00
532.00
532.00
531.00
533.00
532.00
531.00
532.00
532.00
532.00
532.00
532.00
533.00
533.00
533.00
533.00
532.00
532.00
532.00
531.00
531.00
531.00
532.00
531.00
531.00
531.00
531.00
530.00
531.00
530.00
531.00
531.00
530.00
531.00
531.00
530.00
531.00
530.00
530.00
531.00
530.00
529.00
530.00
530.00
529.00
530.00
530.00
529.00
530.00
530.00
530.00
530.00
530.00
530.00
530.00
530.00
530.00
530.00
530.00
530.00
530.00
530.00
529.00
529.00
529.00
530.00
529.00
529.00
529.00
529.00
529.00
530.00
529.00
529.00
529.00
530.00
528.00
529.00
528.00
528.00
529.00
529.00
528.00
529.00
529.00
527.00
528.00
528.00
527.00
529.00
528.00
528.00
528.00
528.00
527.00
528.00
528.00
528.00
528.00
528.00
527.00
527.00
527.00
528.00
527.00
527.00
527.00
527.00
526.00
526.00
526.00
526.00
526.00
527.00
525.00
527.00
527.00
526.00
528.00
527.00
527.00
527.00
527.00
527.00
527.00
527.00
526.00
527.00
527.00
526.00
526.00
526.00
526.00
526.00
526.00
525.00
526.00
526.00
526.00
526.00
526.00
526.00
526.00
526.00
525.00
526.00
525.00
526.00
526.00
525.00
526.00
525.00
524.00
525.00
525.00
524.00
524.00
524.00
523.00
524.00
524.00
523.00
524.00
523.00
522.00
523.00
523.00
522.00
523.00
522.00
522.00
522.00
523.00
522.00
523.00
522.00
522.00
522.00
522.00
522.00
521.00
522.00
522.00
521.00
521.00
520.00
522.00
521.00
521.00
521.00
521.00
520.00
521.00
519.00
520.00
521.00
519.00
520.00
520.00
519.00
520.00
520.00
519.00
519.00
519.00
518.00
518.00
518.00
518.00
519.00
518.00
518.00
518.00
518.00
517.00
518.00
517.00
518.00
518.00
517.00
518.00
518.00
518.00
517.00
518.00
518.00
517.00
517.00
517.00
517.00
516.00
515.00
515.00
516.00
515.00
515.00
515.00
514.00
515.00
515.00
513.00
514.00
513.00
512.00
513.00
512.00
511.00
512.00
512.00
511.00
511.00
510.00
510.00
510.00
510.00
509.00
510.00
510.00
510.00
510.00
510.00
509.00
509.00
509.00
509.00
509.00
508.00
508.00
508.00
508.00
509.00
508.00
508.00
508.00
507.00
507.00
507.00
507.00
507.00
508.00
507.00
505.00
506.00
506.00
505.00
506.00
506.00
505.00
506.00
506.00
506.00
506.00
506.00
505.00
505.00
506.00
504.00
505.00
504.00
504.00
504.00
503.00
504.00
504.00
504.00
503.00
504.00
503.00
503.00
502.00
502.00
501.00
501.00
501.00
501.00
501.00
500.00
500.00
500.00
499.00
500.00
500.00
498.00
499.00
499.00
498.00
499.00
499.00
498.00
499.00
497.00
497.00
498.00
497.00
495.00
497.00
497.00
496.00
496.00
496.00
495.00
495.00
495.00
495.00
495.00
495.00
495.00
494.00
494.00
494.00
493.00
493.00
493.00
494.00
493.00
494.00
494.00
494.00
493.00
493.00
492.00
493.00
493.00
492.00
493.00
493.00
493.00
493.00
493.00
492.00
493.00
493.00
490.00
492.00
491.00
490.00
491.00
491.00
490.00
491.00
491.00
491.00
492.00
492.00
491.00
492.00
491.00
491.00
491.00
491.00
490.00
490.00
490.00
490.00
490.00
490.00
490.00
490.00
490.00
490.00
490.00
489.00
490.00
490.00
490.00
490.00
490.00
489.00
490.00
490.00
489.00
491.00
490.00
488.00
490.00
490.00
489.00
489.00
489.00
488.00
488.00
488.00
487.00
488.00
488.00
488.00
489.00
488.00
488.00
488.00
487.00
487.00
488.00
488.00
488.00
488.00
488.00
488.00
487.00
487.00
487.00
487.00
487.00
487.00
487.00
485.00
486.00
486.00
486.00
487.00
487.00
485.00
486.00
486.00
485.00
486.00
486.00
486.00
486.00
486.00
485.00
485.00
485.00
484.00
485.00
484.00
484.00
485.00
484.00
484.00
483.00
483.00
483.00
483.00
484.00
483.00
484.00
483.00
483.00
483.00
483.00
483.00
483.00
483.00
482.00
482.00
481.00
482.00
480.00
481.00
481.00
482.00
482.00
482.00
482.00
482.00
482.00
481.00
481.00
480.00
481.00
481.00
481.00
481.00
481.00
481.00
481.00
482.00
481.00
481.00
481.00
481.00
481.00
480.00
481.00
481.00
480.00
481.00
481.00
479.00
481.00
480.00
480.00
481.00
481.00
480.00
479.00
480.00
480.00
479.00
480.00


-----------------------------
---PROMEDIO 1ER RANGO ---
-----------------------------
 Números totales: 	 1052 
 Suma de números: 	 553789 
 Valor promedio: 	 526.41539924



-----------------------------
-- 2DO RANGO DE MEDICIONES --
-----------------------------
407.00
407.00
522.00
526.00
526.00
526.00
525.00
523.00
524.00
523.00
522.00
523.00
523.00
521.00
521.00
520.00
519.00
519.00
519.00
519.00
519.00
519.00
520.00
520.00
520.00
521.00
520.00
520.00
520.00
520.00
521.00
520.00
520.00
521.00
521.00
521.00
521.00
520.00
521.00
521.00
521.00
520.00
520.00
520.00
520.00
520.00
520.00
520.00
520.00
517.00
514.00
513.00
512.00
512.00
512.00
513.00
512.00
513.00
513.00
513.00
514.00
514.00
514.00
514.00
514.00
514.00
514.00
513.00
514.00
514.00
513.00
515.00
515.00
514.00
515.00
515.00
514.00
515.00
515.00
514.00
515.00
514.00
515.00
515.00
515.00
514.00
515.00
515.00
516.00
516.00
516.00
516.00
516.00
516.00
516.00
516.00
516.00
517.00
517.00
517.00
516.00
515.00
515.00
515.00
516.00
515.00
514.00
515.00
513.00
513.00
514.00
513.00
514.00
514.00
513.00
512.00
512.00
511.00
509.00
509.00
508.00
507.00
506.00
506.00
505.00
504.00
505.00
505.00
503.00
505.00
505.00
504.00
505.00
505.00
504.00
505.00
506.00
505.00
506.00
506.00
505.00
507.00
507.00
506.00
507.00
507.00
507.00
507.00
507.00
507.00
507.00
508.00
508.00
508.00
509.00
509.00
509.00
510.00
510.00
510.00
510.00
510.00
510.00
509.00
510.00
510.00
509.00
510.00
510.00
508.00
510.00
510.00
509.00
510.00
510.00
509.00
510.00
510.00
509.00
510.00
510.00
509.00
510.00
510.00
509.00
510.00
510.00
510.00
510.00
510.00
510.00
510.00
510.00
510.00
510.00
510.00
510.00
510.00
510.00
510.00
510.00
510.00
509.00
510.00
510.00
510.00
510.00
510.00
510.00
510.00
510.00
511.00
510.00
509.00
510.00
510.00
510.00
511.00
510.00
510.00
510.00
510.00
508.00
510.00
510.00
509.00
510.00
510.00
509.00
510.00
510.00
509.00
510.00
510.00
510.00
510.00
510.00
510.00
509.00
510.00
509.00
509.00
509.00
510.00
510.00
510.00
509.00
510.00
509.00
510.00
510.00
509.00
510.00
511.00
510.00
511.00
510.00
510.00
511.00
511.00
510.00
511.00
512.00
510.00
512.00
512.00
511.00
512.00
512.00
512.00
512.00
512.00
512.00
512.00
512.00
512.00
512.00
513.00
513.00
513.00
513.00
512.00
513.00
513.00
513.00
512.00
512.00
512.00
512.00
511.00
513.00
512.00
511.00
511.00
512.00
511.00
513.00
513.00
512.00
513.00
513.00
512.00
513.00
514.00
512.00
513.00
513.00
512.00
513.00
514.00
512.00
514.00
514.00
514.00
514.00
514.00
513.00
514.00
514.00
514.00
514.00
514.00
513.00
514.00
514.00
515.00
515.00
515.00
514.00
514.00
514.00
514.00
515.00
515.00
516.00
516.00
514.00
515.00
516.00
515.00
516.00
516.00
515.00
516.00
516.00
515.00
516.00
516.00
515.00
516.00
516.00
516.00
517.00
517.00
516.00
517.00
517.00
517.00
517.00
516.00
516.00
517.00
516.00
516.00
516.00
516.00
515.00
515.00
516.00
516.00
516.00
516.00
516.00
517.00
516.00
517.00
517.00
516.00
517.00
516.00
515.00
516.00
516.00
516.00
515.00
516.00
515.00
516.00
516.00
514.00
515.00
515.00
515.00
515.00
515.00
515.00
514.00
515.00
514.00
514.00
514.00
514.00
514.00
514.00
514.00
515.00
515.00
515.00
515.00
514.00
514.00
514.00
513.00
514.00
514.00
513.00
514.00
514.00
513.00
514.00
514.00
513.00
514.00
514.00
514.00
514.00
515.00
514.00
515.00
515.00
514.00
514.00
514.00
514.00
514.00
514.00
514.00
514.00
514.00
513.00
514.00
513.00
512.00
513.00
513.00
513.00
512.00
513.00
514.00
513.00
513.00
513.00
513.00




-----------------------------
---PROMEDIO DEL 2DO RANGO ---
-----------------------------
 Números totales: 	 453 
 Suma de números: 	 232272 
 Valor promedio: 	 512.741721854 






-----------------------------
-- 3ER RANGO DE MEDICIONES --
-----------------------------

471.00
471.00
470.00
470.00
471.00
470.00
471.00
471.00
472.00
471.00
471.00
471.00
471.00
471.00
471.00
472.00
471.00
471.00
471.00
471.00
472.00
470.00
471.00
471.00
470.00
471.00
471.00
470.00
471.00
471.00
470.00
471.00
471.00
471.00
471.00
471.00
472.00
471.00
471.00
471.00
471.00
470.00
471.00
471.00
471.00
470.00
470.00
471.00
471.00
472.00
471.00
471.00
470.00
473.00
472.00
471.00
473.00
472.00
471.00
473.00
472.00
471.00
472.00
472.00
471.00
472.00
472.00
471.00
471.00
471.00
471.00
472.00
472.00
471.00
472.00
472.00
471.00
472.00
471.00
472.00
472.00
472.00
472.00
472.00
472.00
471.00
472.00
472.00
471.00
472.00
472.00
472.00
472.00
472.00
473.00
473.00
472.00
473.00
473.00
473.00
472.00
473.00
472.00
472.00
472.00
471.00
472.00
471.00
471.00
473.00
472.00
471.00
472.00
472.00
471.00
472.00
472.00
471.00
472.00
472.00
471.00
472.00
472.00
472.00
472.00
472.00
471.00
471.00
471.00
471.00
471.00
470.00
471.00
471.00
471.00
472.00
472.00
472.00
472.00
473.00
472.00
472.00
472.00
473.00
472.00
473.00
471.00
472.00
472.00
471.00
472.00
473.00
472.00
472.00
472.00
472.00
472.00
472.00
472.00
472.00
473.00
473.00
472.00
473.00
473.00
473.00
472.00
474.00
473.00
473.00
473.00
472.00
472.00
473.00
472.00
473.00
472.00
472.00
473.00
472.00
473.00
473.00
473.00
472.00
472.00
472.00
473.00
473.00
474.00
474.00
474.00
473.00
473.00
473.00
473.00
473.00
473.00
473.00
473.00
473.00
473.00
473.00
473.00
473.00
473.00
473.00
473.00
474.00
474.00
474.00
473.00
474.00
473.00
473.00
474.00
474.00
473.00
474.00
474.00
473.00
474.00
473.00
474.00
473.00
474.00
474.00
474.00
474.00
474.00
474.00
473.00
474.00
474.00
474.00
473.00
473.00
473.00
473.00
473.00
474.00
474.00
473.00
474.00
474.00
474.00
474.00
474.00
473.00
474.00
474.00
474.00
474.00
473.00
475.00
474.00
475.00
474.00
474.00
474.00
474.00
475.00
474.00
474.00
475.00
474.00
474.00
475.00
474.00
475.00
475.00
475.00
474.00
475.00
475.00
474.00
474.00
475.00
475.00
475.00
474.00
475.00
475.00
475.00
475.00
475.00
474.00
475.00
475.00
475.00
475.00
474.00
475.00
475.00
474.00
474.00
475.00
474.00
474.00
474.00
475.00
475.00
476.00
475.00
475.00
475.00
476.00
475.00
475.00
475.00
476.00
476.00
475.00
475.00
475.00
475.00
475.00
475.00
475.00
475.00
475.00
474.00
474.00
474.00
474.00
475.00
474.00
475.00
475.00
475.00
475.00
475.00
475.00
475.00
475.00
474.00
475.00
475.00
475.00
475.00
474.00
475.00
475.00
475.00
475.00
474.00
475.00
473.00
474.00
475.00
475.00
474.00
475.00
475.00
475.00
475.00
475.00
472.00
471.00
472.00
472.00
472.00
470.00
471.00
472.00
471.00
472.00
472.00
471.00
472.00
472.00
471.00
472.00
472.00
471.00
472.00
472.00
471.00
472.00
472.00
471.00
471.00
471.00
471.00
472.00
471.00
471.00
471.00
471.00
471.00
472.00
471.00
471.00
471.00
471.00
472.00
471.00
471.00
472.00
471.00
472.00
471.00
471.00
470.00
471.00
471.00
470.00
471.00
471.00
470.00
471.00
471.00
470.00
471.00
471.00
469.00
471.00
471.00
469.00
471.00
470.00
469.00
470.00
471.00
470.00
470.00
470.00
470.00
470.00
470.00
470.00
470.00
470.00
470.00
470.00
470.00
470.00
470.00
470.00
470.00
470.00
471.00
470.00
470.00
470.00
470.00
470.00
469.00
470.00
470.00
469.00
470.00
470.00
468.00
470.00
470.00
469.00
471.00
471.00
470.00
470.00
470.00
469.00
470.00
471.00
469.00
471.00
470.00
470.00
470.00
469.00
469.00
470.00
470.00
470.00
470.00
470.00
469.00
468.00
470.00
469.00
469.00
469.00
469.00
469.00
469.00
469.00
469.00
469.00
469.00
469.00
468.00
469.00
469.00
467.00
469.00
469.00
468.00
469.00
469.00
468.00
469.00
469.00
468.00
468.00
468.00
467.00
469.00
468.00
468.00
468.00
468.00
468.00
468.00
468.00
468.00
468.00
468.00
468.00
468.00
468.00
468.00
467.00
468.00
468.00
468.00
468.00
467.00
467.00
467.00
468.00
468.00
466.00
467.00
467.00
466.00
468.00
467.00
467.00
467.00
467.00
467.00
467.00
467.00
466.00
467.00
467.00
466.00
467.00
467.00
467.00
467.00
467.00
467.00
467.00
468.00
467.00
467.00
468.00
467.00
467.00
467.00
467.00
467.00
467.00
467.00
467.00
466.00
467.00
467.00
465.00
466.00
467.00
466.00
467.00
467.00
466.00
467.00
467.00
466.00
467.00
467.00
465.00
466.00
467.00
465.00
466.00
466.00
466.00
467.00
467.00
466.00
467.00
467.00
467.00
467.00
467.00
467.00
467.00
467.00
467.00
467.00
467.00
467.00
467.00
467.00
467.00
466.00
467.00
467.00
467.00
466.00
467.00
467.00
466.00
467.00
466.00
466.00
467.00
467.00
465.00
467.00
465.00
465.00
466.00
466.00
466.00
467.00
467.00
466.00
466.00
467.00
465.00
465.00
466.00
466.00
466.00
466.00
466.00
467.00
467.00
466.00
466.00
466.00
466.00
466.00
466.00
466.00




-----------------------------
---PROMEDIO del 3er Rango ---
-----------------------------
Números totales: 	 647 
 Suma de números: 	 304701 
 Valor promedio: 	 470.944358578
